0    312.039248
1    159.871801
2    80.671904
3    62.951796
4    63.702993
5    32.169444
6    25.486580
7    18.370701
8    23.245856
9    25.147656
10    24.009327
11    20.168459
12    33.912499
13    31.330684
14    24.501530
15    25.131711
16    22.964328
17    24.378616
18    21.379190
19    14.335755
20    21.882508
21    18.913743
22    19.957312
23    19.355025
24    25.895188
25    28.224990
26    21.526435
27    19.766112
28    18.469323
29    17.669397
30    16.939566
31    11.692946
32    12.752445
33    13.498438
34    13.519430
35    12.780734
36    13.593236
37    18.766261
38    12.025314
39    15.486001
40    17.151793
41    15.667889
42    12.486909
43    12.518962
44    11.064223
45    12.406540
46    11.078619
47    11.817010
48    11.005283
49    14.697705
50    11.779586
51    10.594439
52    11.298257
53    12.419145
54    12.298977
55    13.313883
56    12.574959
57    9.607564
58    12.289354
59    11.137854
60    11.877617
61    7.518381
62    8.806836
63    10.564728
64    9.938666
65    10.211860
66    12.688332
67    18.476855
68    11.483736
69    9.372670
70    9.508671
71    12.277319
72    15.458060
73    12.860904
74    13.023767
75    12.097758
76    15.939565
77    14.607441
78    17.400875
79    10.377001
80    13.968902
81    8.685901
82    8.470607
83    8.168984
84    8.170548
85    9.296001
86    11.213744
87    8.034069
88    10.273058
89    13.558931
90    7.465092
91    7.791436
92    7.465341
93    6.245745
94    8.924030
95    8.014648
96    9.422815
97    10.148076
98    8.605572
99    12.020267
