0    107.516050
1    21.844078
2    12.656524
3    13.860426
4    13.915549
5    12.662505
6    16.450151
7    13.665774
8    12.978213
9    10.402142
10    12.175936
11    11.461027
12    7.589150
13    7.457937
14    12.171388
15    11.398845
16    10.842577
17    8.477620
18    9.354429
19    9.040885
20    10.550796
21    9.797942
22    10.026131
23    10.918050
24    9.250028
25    16.788478
26    10.595501
27    7.066012
28    9.423556
29    9.416401
30    8.683515
31    14.096581
32    9.539579
33    7.998016
34    8.968523
35    10.616948
36    9.700655
37    8.690495
38    9.380103
39    13.140150
40    10.631095
41    9.307457
42    6.883740
43    10.282548
44    6.457789
45    9.102491
46    8.394461
47    11.436668
48    9.789584
49    9.981832
50    7.476676
51    8.560269
52    10.902610
53    8.754885
54    10.200623
55    11.058029
56    9.526304
57    5.883712
58    7.602135
59    8.625310
60    10.529587
61    6.640574
62    7.341299
63    8.934402
64    9.035148
65    5.718541
66    7.240839
67    5.629909
68    6.398888
69    7.300449
70    6.115886
71    7.889072
72    8.688507
73    5.032553
74    5.678535
75    9.199428
76    10.356414
77    6.381895
78    5.179774
79    7.260783
80    5.605039
81    8.112233
82    5.069222
83    5.697062
84    7.765813
85    6.300842
86    6.642380
87    6.998188
88    5.275888
89    8.966643
90    6.309557
91    6.889160
92    6.696590
93    9.997966
94    7.396120
95    5.155172
96    6.306437
97    5.322540
98    6.388234
99    6.711282
