0    0.275848
1    0.293549
2    0.285406
3    0.283168
4    0.292818
5    0.289453
6    0.284642
7    0.291928
8    0.307324
9    0.301241
10    0.276739
11    0.288426
12    0.274974
13    0.297230
14    0.276361
15    0.303711
16    0.281634
17    0.290558
18    0.287365
19    0.302742
20    0.277801
21    0.297473
22    0.312927
23    0.285369
24    0.284559
25    0.270943
26    0.295156
27    0.287538
28    0.274104
29    0.301393
30    0.278991
31    0.259233
32    0.285840
33    0.276699
34    0.284448
35    0.282230
36    0.288597
37    0.289428
38    0.275728
39    0.283088
40    0.265553
41    0.287272
42    0.291034
43    0.283186
44    0.267481
45    0.273825
46    0.302425
47    0.268952
48    0.298254
49    0.271372
50    0.280223
51    0.280638
52    0.287335
53    0.295606
54    0.292076
55    0.280739
56    0.264968
57    0.287842
58    0.270194
59    0.255267
60    0.296419
61    0.285244
62    0.275299
63    0.309876
64    0.266251
65    0.289041
66    0.277543
67    0.283492
68    0.293690
69    0.274700
70    0.298953
71    0.283311
72    0.282151
73    0.284262
74    0.267288
75    0.297705
76    0.315946
77    0.275671
78    0.292333
79    0.300202
80    0.275014
81    0.281663
82    0.293673
83    0.283954
84    0.276470
85    0.279289
86    0.278239
87    0.295419
88    0.278976
89    0.312334
90    0.288724
91    0.277466
92    0.271001
93    0.302177
94    0.291050
95    0.272487
96    0.288610
97    0.279257
98    0.287358
99    0.283353
100    0.292713
101    0.293082
102    0.297767
103    0.285991
104    0.258843
105    0.283288
106    0.273785
107    0.286229
108    0.284235
109    0.283836
110    0.278694
111    0.281614
112    0.260649
113    0.290034
114    0.299839
115    0.288987
116    0.257738
117    0.287292
118    0.260454
119    0.275049
120    0.278035
121    0.266834
122    0.265569
123    0.270809
124    0.285222
125    0.276696
126    0.293227
127    0.267481
128    0.291534
129    0.287691
130    0.271952
131    0.264206
132    0.288214
133    0.268398
134    0.264646
135    0.271886
136    0.284109
137    0.306141
138    0.279085
139    0.270544
140    0.273248
141    0.278019
142    0.280941
143    0.259168
144    0.255243
145    0.289246
146    0.286735
147    0.273225
148    0.264641
149    0.261207
150    0.268638
151    0.266964
152    0.280353
153    0.259350
154    0.249935
155    0.271118
156    0.266569
157    0.284344
158    0.263567
159    0.284560
160    0.287327
161    0.268257
162    0.293941
163    0.257851
164    0.258611
165    0.269619
166    0.287483
167    0.263127
168    0.267803
169    0.271365
170    0.265212
171    0.285347
172    0.273495
173    0.280523
174    0.261191
175    0.268336
176    0.264272
177    0.265479
178    0.259410
179    0.277981
180    0.242900
181    0.260940
182    0.257631
183    0.254222
184    0.258209
185    0.259450
186    0.262886
187    0.258870
188    0.257192
189    0.249582
190    0.236818
191    0.246882
192    0.253416
193    0.245239
194    0.262052
195    0.252935
196    0.255575
197    0.251042
198    0.236184
199    0.236649
200    0.255260
201    0.256359
202    0.245476
203    0.240164
204    0.245569
205    0.243200
206    0.235613
207    0.237708
208    0.246527
209    0.229251
210    0.241143
211    0.228302
212    0.213664
213    0.229778
214    0.239144
215    0.220080
216    0.218859
217    0.215183
218    0.216024
219    0.208767
220    0.212362
221    0.211031
222    0.220129
223    0.205694
224    0.213778
225    0.193370
226    0.209953
227    0.183778
228    0.193423
229    0.200878
230    0.182757
231    0.197366
232    0.188801
233    0.187099
234    0.189514
235    0.183500
236    0.171859
237    0.168946
238    0.177173
239    0.171928
240    0.175544
241    0.170335
242    0.163715
243    0.170465
244    0.173984
245    0.154050
246    0.153737
247    0.155386
248    0.155470
249    0.148183
250    0.161068
251    0.152193
252    0.148514
253    0.148135
254    0.144700
255    0.137973
256    0.153767
257    0.139166
258    0.146027
259    0.147615
260    0.147123
261    0.135320
262    0.134758
263    0.139914
264    0.139414
265    0.139245
266    0.149126
267    0.136017
268    0.130242
269    0.124139
270    0.121763
271    0.134492
272    0.138464
273    0.124757
274    0.136800
275    0.125571
276    0.135004
277    0.124368
278    0.132296
279    0.128504
280    0.123942
281    0.120921
282    0.138861
283    0.129641
284    0.126572
285    0.129160
286    0.134605
287    0.134995
288    0.129051
289    0.127790
290    0.123601
291    0.136222
292    0.127487
293    0.122628
294    0.128340
295    0.127375
296    0.134211
297    0.126204
298    0.123759
299    0.119298
300    0.137683
301    0.117917
302    0.124503
303    0.136215
304    0.141372
305    0.134992
306    0.131088
307    0.130884
308    0.140423
309    0.128852
310    0.124733
311    0.115444
312    0.131279
313    0.125938
314    0.135969
315    0.121897
316    0.133162
317    0.132455
318    0.145785
319    0.125039
320    0.109018
321    0.131914
322    0.120926
323    0.139609
324    0.125342
325    0.123942
326    0.136248
327    0.133940
328    0.131223
329    0.123662
330    0.142641
331    0.128339
332    0.132685
333    0.129460
334    0.122649
335    0.129390
336    0.131464
337    0.131316
338    0.120984
339    0.130188
340    0.122912
341    0.134112
342    0.132969
343    0.122016
344    0.123287
345    0.128517
346    0.126387
347    0.138658
348    0.129003
349    0.129879
350    0.129698
351    0.142752
352    0.124688
353    0.132385
354    0.128681
355    0.131696
356    0.121610
357    0.130001
358    0.137348
359    0.120559
360    0.133995
361    0.120890
362    0.129990
363    0.144777
364    0.131112
365    0.135749
366    0.125714
367    0.127988
368    0.130006
369    0.125437
370    0.123702
371    0.116395
372    0.130517
373    0.123287
374    0.131073
375    0.131453
376    0.119975
377    0.125120
378    0.122070
379    0.119207
380    0.118618
381    0.131297
382    0.119676
383    0.132961
384    0.128495
385    0.113133
386    0.133065
387    0.135081
388    0.129367
389    0.117861
390    0.119116
391    0.121967
392    0.134781
393    0.129420
394    0.126423
395    0.113666
396    0.128610
397    0.126522
398    0.131448
399    0.129494
400    0.125879
401    0.125547
402    0.113860
403    0.128013
404    0.120879
405    0.129148
406    0.128404
407    0.113100
408    0.116283
409    0.123814
410    0.123448
411    0.119590
412    0.132302
413    0.135719
414    0.120744
415    0.122622
416    0.120287
417    0.126045
418    0.126133
419    0.129616
420    0.131560
421    0.132463
422    0.117629
423    0.124484
424    0.123620
425    0.122797
426    0.132701
427    0.126122
428    0.121524
429    0.111382
430    0.130764
431    0.124195
432    0.120592
433    0.131896
434    0.135657
435    0.120497
436    0.115715
437    0.121079
438    0.133128
439    0.120792
440    0.118716
441    0.124667
442    0.132118
443    0.131889
444    0.127595
445    0.124874
446    0.115635
447    0.121763
448    0.120579
449    0.117665
450    0.128259
451    0.120557
452    0.121677
453    0.120476
454    0.120038
455    0.132290
456    0.127577
457    0.119559
458    0.111069
459    0.120969
460    0.125802
461    0.118368
462    0.123168
463    0.129900
464    0.118862
465    0.121849
466    0.118103
467    0.131721
468    0.116119
469    0.116941
470    0.130153
471    0.125478
472    0.128238
473    0.126573
474    0.120236
475    0.113021
476    0.114633
477    0.124185
478    0.124440
479    0.119570
480    0.124199
481    0.119437
482    0.123435
483    0.129991
484    0.116685
485    0.115878
486    0.124025
487    0.118069
488    0.124100
489    0.112666
490    0.123827
491    0.121190
492    0.125617
493    0.112209
494    0.124024
495    0.117226
496    0.123573
497    0.116508
498    0.131275
499    0.106458
