0    0.146473
1    0.115849
2    0.085747
3    0.082098
4    0.092075
5    0.101013
6    0.115431
7    0.106103
8    0.066613
9    0.058942
10    0.102598
11    0.104828
12    0.130091
13    0.125499
14    0.094524
15    0.123284
16    0.117617
17    0.097400
18    0.096913
19    0.090139
20    0.114820
21    0.082962
22    0.056019
23    0.080619
24    0.111506
25    0.042920
26    0.075221
27    0.072219
28    0.136044
29    0.084555
30    0.071232
31    0.061634
32    0.078831
33    0.100548
34    0.076663
35    0.071606
36    0.108988
37    0.083839
38    0.096296
39    0.062593
40    0.086163
41    0.097889
42    0.060879
43    0.074563
44    0.045121
45    0.075576
46    0.094249
47    0.033350
48    0.104792
49    0.092999
50    0.085885
51    0.083350
52    0.052721
53    0.063372
54    0.067889
55    0.102934
56    0.105377
57    0.087550
58    0.074685
59    0.068598
60    0.107758
61    0.083217
62    0.052796
63    0.065826
64    0.024406
65    0.081959
66    0.063298
67    0.092556
68    0.070887
69    0.046184
70    0.065378
71    0.083010
72    0.066363
73    0.055345
74    0.046592
75    0.065058
76    0.027163
77    0.054620
78    0.050572
79    0.052211
80    0.050707
81    0.035964
82    0.044684
83    0.037390
84    0.079988
85    0.056469
86    0.055351
87    0.042018
88    0.024892
89    0.046547
90    0.060892
91    0.080069
92    0.069540
93    0.080051
94    0.064667
95    0.049408
96    0.049655
97    0.034017
98    0.033950
99    0.054194
100    0.030831
101    0.084687
102    0.056648
103    0.048152
104    0.055364
105    0.032049
106    0.088469
107    0.069236
108    0.034807
109    0.044758
110    0.084368
111    0.024123
112    0.044459
113    0.046390
114    0.029386
115    0.076932
116    0.024498
117    0.031409
118    0.051707
119    0.046155
120    0.062801
121    0.033663
122    0.077444
123    0.022640
124    0.037761
125    0.046931
126    0.017346
127    0.070557
128    0.032449
129    0.034516
130    0.050002
131    0.026067
132    0.041702
133    0.064030
134    0.037649
135    0.046723
136    0.040566
137    0.064873
138    0.019707
139    0.119234
140    0.049830
141    0.043602
142    0.061274
143    0.040184
144    0.043121
145    0.049948
146    0.029733
147    0.043708
148    0.073610
149    0.073597
150    0.026968
151    0.066866
152    0.043582
153    0.017589
154    0.045718
155    0.040681
156    0.060867
157    0.033772
158    0.042800
159    0.041374
160    0.092377
161    0.042421
162    0.030189
163    0.012642
164    0.057639
165    0.032610
166    0.047424
167    0.024177
168    0.048303
169    0.074676
170    0.042773
171    0.102025
172    0.047727
173    0.050540
174    0.069816
175    0.067043
176    0.050543
177    0.061374
178    0.064606
179    0.036236
180    0.040201
181    0.037188
182    0.030686
183    0.056532
184    0.053525
185    0.040098
186    0.041788
187    0.048633
188    0.055682
189    0.033298
190    0.045175
191    0.013102
192    0.066057
193    0.031267
194    0.053154
195    0.053118
196    0.018995
197    0.045000
198    0.049889
199    0.025848
200    0.028523
201    0.051785
202    0.055097
203    0.026941
204    0.044627
205    0.073654
206    0.038798
207    0.069446
208    0.026892
209    0.042268
210    0.057562
211    0.038324
212    0.047614
213    0.029368
214    0.039111
215    0.032932
216    0.033092
217    0.035256
218    0.019211
219    0.041250
220    0.042416
221    0.036108
222    0.057339
223    0.059804
224    0.033840
225    0.060292
226    0.042118
227    0.022541
228    0.028691
229    0.052236
230    0.059710
231    0.049862
232    0.055748
233    0.043862
234    0.022981
235    0.080096
236    0.067060
237    0.047010
238    0.023688
239    0.029928
240    0.052194
241    0.051324
242    0.062300
243    0.024395
244    0.042740
245    0.063747
246    0.043886
247    0.028972
248    0.032268
249    0.055165
250    0.030832
251    0.048722
252    0.028340
253    0.044037
254    0.050436
255    0.061589
256    0.068876
257    0.063950
258    0.012365
259    0.053220
260    0.020162
261    0.023170
262    0.033243
263    0.023660
264    0.037409
265    0.047287
266    0.032735
267    0.076228
268    0.035276
269    0.034888
270    0.041301
271    0.035578
272    0.040040
273    0.028554
274    0.044024
275    0.030455
276    0.033920
277    0.026117
278    0.032112
279    0.035547
280    0.041828
281    0.053020
282    0.053291
283    0.035406
284    0.038763
285    0.092996
286    0.060283
287    0.053487
288    0.070088
289    0.026800
290    0.032911
291    0.018986
292    0.090189
293    0.046750
294    0.052655
295    0.049120
296    0.086514
297    0.049618
298    0.052995
299    0.062220
300    0.040167
301    0.027161
302    0.028800
303    0.034337
304    0.025006
305    0.014376
306    0.034912
307    0.030709
308    0.051688
309    0.052807
310    0.048065
311    0.063399
312    0.046594
313    0.045281
314    0.048631
315    0.028266
316    0.045182
317    0.041596
318    0.024105
319    0.030601
320    0.045619
321    0.050523
322    0.065747
323    0.040479
324    0.038124
325    0.056228
326    0.050956
327    0.054151
328    0.052446
329    0.057193
330    0.025278
331    0.064278
332    0.060136
333    0.030606
334    0.040367
335    0.017708
336    0.068370
337    0.042631
338    0.024445
339    0.074426
340    0.029327
341    0.024182
342    0.059279
343    0.017503
344    0.040016
345    0.040588
346    0.030285
347    0.034987
348    0.026378
349    0.041734
350    0.069157
351    0.026333
352    0.038470
353    0.042571
354    0.041718
355    0.040029
356    0.024189
357    0.081757
358    0.043933
359    0.053082
360    0.067437
361    0.060655
362    0.024751
363    0.067170
364    0.029374
365    0.012073
366    0.059558
367    0.051960
368    0.030228
369    0.039324
370    0.046643
371    0.030473
372    0.060481
373    0.066022
374    0.049454
375    0.067403
376    0.027363
377    0.040428
378    0.024986
379    0.064468
380    0.043014
381    0.085557
382    0.045077
383    0.071983
384    0.042442
385    0.050047
386    0.044940
387    0.036271
388    0.017367
389    0.071613
390    0.028547
391    0.038003
392    0.063171
393    0.044629
394    0.028904
395    0.076698
396    0.039345
397    0.052462
398    0.055502
399    0.062531
400    0.043512
401    0.053276
402    0.038519
403    0.044049
404    0.041971
405    0.066986
406    0.047243
407    0.070449
408    0.049731
409    0.025017
410    0.077664
411    0.047184
412    0.055799
413    0.035451
414    0.066238
415    0.059987
416    0.050563
417    0.030031
418    0.026058
419    0.048512
420    0.049112
421    0.058353
422    0.027978
423    0.044785
424    0.030279
425    0.040955
426    0.040565
427    0.037106
428    0.043174
429    0.066426
430    0.054987
431    0.046851
432    0.059769
433    0.041283
434    0.039080
435    0.025916
436    0.055478
437    0.054284
438    0.038512
439    0.021941
440    0.024388
441    0.026091
442    0.026726
443    0.083624
444    0.059969
445    0.015318
446    0.030832
447    0.042824
448    0.072981
449    0.069402
450    0.044843
451    0.024619
452    0.051575
453    0.053743
454    0.055266
455    0.039559
456    0.022179
457    0.022769
458    0.019908
459    0.073735
460    0.033470
461    0.022318
462    0.065746
463    0.036768
464    0.068681
465    0.054387
466    0.050208
467    0.020480
468    0.058234
469    0.065342
470    0.046113
471    0.018914
472    0.047606
473    0.028556
474    0.058020
475    0.057257
476    0.050956
477    0.036644
478    0.071160
479    0.033730
480    0.036356
481    0.034112
482    0.063987
483    0.034259
484    0.040473
485    0.068774
486    0.033688
487    0.035405
488    0.041364
489    0.059867
490    0.032532
491    0.022553
492    0.051994
493    0.053645
494    0.036093
495    0.054456
496    0.017276
497    0.055583
498    0.027580
499    0.023248
500    0.020360
501    0.026885
502    0.043928
503    0.042408
504    0.019601
505    0.028272
506    0.045007
507    0.023214
508    0.055470
509    0.030061
510    0.024834
511    0.032642
512    0.041375
513    0.037743
514    0.035353
515    0.045159
516    0.072892
517    0.039897
518    0.038230
519    0.027651
520    0.036068
521    0.026507
522    0.050769
523    0.031623
524    0.016875
525    0.038374
526    0.049538
527    0.033772
528    0.015215
529    0.042754
530    0.026741
531    0.046994
532    0.048907
533    0.048251
534    0.029717
535    0.039546
536    0.033053
537    0.035050
538    0.038890
539    0.026564
540    0.030435
541    0.066515
542    0.025136
543    0.038190
544    0.026728
545    0.039209
546    0.028121
547    0.053196
548    0.050031
549    0.029826
550    0.021766
551    0.044778
552    0.065035
553    0.022293
554    0.056102
555    0.017450
556    0.044786
557    0.022029
558    0.053622
559    0.015974
560    0.038869
561    0.056294
562    0.079386
563    0.035093
564    0.026183
565    0.035745
566    0.019114
567    0.026945
568    0.024400
569    0.024147
570    0.071920
571    0.033293
572    0.043114
573    0.017442
574    0.050766
575    0.041136
576    0.071323
577    0.046926
578    0.020716
579    0.035750
580    0.061767
581    0.030126
582    0.037716
583    0.018455
584    0.026036
585    0.044320
586    0.049334
587    0.036403
588    0.013314
589    0.039424
590    0.024456
591    0.030904
592    0.053674
593    0.031314
594    0.059636
595    0.044739
596    0.036303
597    0.016192
598    0.020833
599    0.041851
600    0.028917
601    0.032493
602    0.075153
603    0.055327
604    0.066722
605    0.057594
606    0.043985
607    0.039128
608    0.029105
609    0.030242
610    0.057237
611    0.071798
612    0.035160
613    0.060028
614    0.077018
615    0.070600
616    0.036666
617    0.053644
618    0.042487
619    0.030144
620    0.059716
621    0.048276
622    0.044003
623    0.049885
624    0.046586
625    0.035535
626    0.025156
627    0.025994
628    0.064691
629    0.038751
630    0.051964
631    0.042589
632    0.036436
633    0.043744
634    0.021879
635    0.042568
636    0.037490
637    0.075873
638    0.031123
639    0.029421
640    0.028066
641    0.048036
642    0.040940
643    0.050843
644    0.036943
645    0.039539
646    0.032369
647    0.034609
648    0.079994
649    0.054836
650    0.042191
651    0.027257
652    0.040082
653    0.051691
654    0.045050
655    0.023857
656    0.030943
657    0.021136
658    0.039321
659    0.040831
660    0.026469
661    0.024440
662    0.058865
663    0.049221
664    0.057602
665    0.024891
666    0.043341
667    0.053245
668    0.029455
669    0.043075
670    0.053430
671    0.024835
672    0.056494
673    0.072993
674    0.031062
675    0.031760
676    0.040488
677    0.067266
678    0.030646
679    0.059568
680    0.061004
681    0.047438
682    0.049343
683    0.041133
684    0.046935
685    0.048158
686    0.030623
687    0.045294
688    0.042715
689    0.044899
690    0.037376
691    0.049902
692    0.048276
693    0.084179
694    0.058930
695    0.047747
696    0.042454
697    0.043630
698    0.054893
699    0.031751
700    0.034300
701    0.077171
702    0.025460
703    0.047809
704    0.019054
705    0.050299
706    0.060272
707    0.040669
708    0.022221
709    0.033695
710    0.071116
711    0.041715
712    0.036224
713    0.020587
714    0.033625
715    0.069151
716    0.055593
717    0.056841
718    0.054358
719    0.052883
720    0.030049
721    0.070105
722    0.032049
723    0.034429
724    0.051584
725    0.024550
726    0.039273
727    0.023568
728    0.020261
729    0.048612
730    0.036752
731    0.039809
732    0.045141
733    0.013904
734    0.042750
735    0.049763
736    0.032047
737    0.014804
738    0.015450
739    0.021623
740    0.022659
741    0.048551
742    0.028049
743    0.029097
744    0.049070
745    0.061581
746    0.028350
747    0.045937
748    0.052872
749    0.036522
750    0.044885
751    0.047248
752    0.043886
753    0.043211
754    0.082195
755    0.027642
756    0.057695
757    0.047320
758    0.037449
759    0.029966
760    0.060222
761    0.036545
762    0.066401
763    0.075216
764    0.031613
765    0.054795
766    0.036768
767    0.044206
768    0.080051
769    0.034252
770    0.056516
771    0.026215
772    0.034106
773    0.040250
774    0.018905
775    0.077980
776    0.022561
777    0.026339
778    0.034833
779    0.092181
780    0.042461
781    0.015419
782    0.030247
783    0.043092
784    0.044483
785    0.040382
786    0.021118
787    0.051198
788    0.027762
789    0.031402
790    0.021017
791    0.041839
792    0.058742
793    0.040668
794    0.056052
795    0.032041
796    0.058004
797    0.038695
798    0.026792
799    0.078500
800    0.045767
801    0.036843
802    0.060629
803    0.026237
804    0.044095
805    0.036687
806    0.051709
807    0.026250
808    0.042381
809    0.027507
810    0.036907
811    0.031934
812    0.052849
813    0.047934
814    0.009563
815    0.038001
816    0.064964
817    0.056812
818    0.068951
819    0.045042
820    0.065673
821    0.032563
822    0.042179
823    0.046719
824    0.058585
825    0.033599
826    0.057199
827    0.036323
828    0.048465
829    0.028660
830    0.064560
831    0.030814
832    0.045295
833    0.053327
834    0.023891
835    0.029134
836    0.047629
837    0.034908
838    0.020975
839    0.029879
840    0.038074
841    0.018564
842    0.049796
843    0.048892
844    0.057823
845    0.044283
846    0.015117
847    0.056530
848    0.023378
849    0.060285
850    0.030315
851    0.093065
852    0.051835
853    0.021757
854    0.018895
855    0.048687
856    0.019700
857    0.019178
858    0.050469
859    0.041844
860    0.022843
861    0.022821
862    0.052594
863    0.053277
864    0.057159
865    0.031791
866    0.042490
867    0.036926
868    0.031330
869    0.042627
870    0.023355
871    0.038492
872    0.025466
873    0.046281
874    0.021156
875    0.024878
876    0.036472
877    0.040623
878    0.077571
879    0.026188
880    0.038346
881    0.058573
882    0.052580
883    0.036275
884    0.033910
885    0.041426
886    0.045310
887    0.024596
888    0.027686
889    0.050941
890    0.036321
891    0.060936
892    0.025955
893    0.023436
894    0.056356
895    0.026542
896    0.051529
897    0.027596
898    0.040218
899    0.036314
900    0.041540
901    0.039315
902    0.034147
903    0.040726
904    0.043603
905    0.063590
906    0.027378
907    0.052593
908    0.053549
909    0.034642
910    0.057019
911    0.038749
912    0.041524
913    0.031505
914    0.060379
915    0.061416
916    0.048046
917    0.055959
918    0.041367
919    0.062281
920    0.027015
921    0.034192
922    0.027463
923    0.047554
924    0.066424
925    0.028310
926    0.021154
927    0.016416
928    0.043662
929    0.049726
930    0.055096
931    0.048314
932    0.023828
933    0.027148
934    0.046513
935    0.029490
936    0.035406
937    0.049309
938    0.043264
939    0.048987
940    0.030519
941    0.025423
942    0.020100
943    0.045017
944    0.066809
945    0.026998
946    0.052078
947    0.019579
948    0.030063
949    0.022553
950    0.053610
951    0.043238
952    0.024767
953    0.033672
954    0.017882
955    0.044085
956    0.034635
957    0.031267
958    0.048314
959    0.019711
960    0.013928
961    0.024661
962    0.051445
963    0.028069
964    0.034614
965    0.023303
966    0.028122
967    0.061922
968    0.022897
969    0.059910
970    0.061370
971    0.033460
972    0.016187
973    0.050038
974    0.033941
975    0.025858
976    0.052108
977    0.030790
978    0.063223
979    0.052074
980    0.019747
981    0.031927
982    0.056364
983    0.030473
984    0.041088
985    0.026006
986    0.043073
987    0.066172
988    0.033711
989    0.035330
990    0.040596
991    0.047740
992    0.054853
993    0.040060
994    0.022626
995    0.092638
996    0.050531
997    0.022791
998    0.038698
999    0.030165
1000    0.024957
1001    0.054516
1002    0.047925
1003    0.027653
1004    0.077391
1005    0.075947
1006    0.061247
1007    0.051392
1008    0.054707
1009    0.059419
1010    0.027260
1011    0.029643
1012    0.035526
1013    0.042325
1014    0.035801
1015    0.042001
1016    0.033355
1017    0.042240
1018    0.028381
1019    0.056288
1020    0.032889
1021    0.027489
1022    0.028648
1023    0.033175
1024    0.085552
1025    0.048622
1026    0.034394
1027    0.027792
1028    0.066195
1029    0.063207
1030    0.054362
1031    0.027200
1032    0.052278
1033    0.081527
1034    0.046991
1035    0.035771
1036    0.041334
1037    0.017672
1038    0.052963
1039    0.051709
1040    0.049826
1041    0.029152
1042    0.041368
1043    0.039150
1044    0.046728
1045    0.013458
1046    0.027397
1047    0.031565
1048    0.053500
1049    0.069832
1050    0.047105
1051    0.032361
1052    0.038813
1053    0.061893
1054    0.037999
1055    0.039477
1056    0.062926
1057    0.031729
1058    0.028919
1059    0.031289
1060    0.035423
1061    0.043358
1062    0.049700
1063    0.030702
1064    0.034274
1065    0.056533
1066    0.019019
1067    0.057117
1068    0.029414
1069    0.029343
1070    0.031782
1071    0.018555
1072    0.039263
1073    0.053708
1074    0.037238
1075    0.055774
1076    0.041899
1077    0.060490
1078    0.039920
1079    0.028313
1080    0.050184
1081    0.066193
1082    0.044005
1083    0.059334
1084    0.055181
1085    0.053645
1086    0.033392
1087    0.055029
1088    0.032574
1089    0.062909
1090    0.056700
1091    0.041954
1092    0.031233
1093    0.042423
1094    0.020941
1095    0.021693
1096    0.029540
1097    0.054039
1098    0.025567
1099    0.060991
1100    0.033956
1101    0.037521
1102    0.055084
1103    0.034358
1104    0.067057
1105    0.053857
1106    0.054080
1107    0.012391
1108    0.034246
1109    0.047961
1110    0.044316
1111    0.038697
1112    0.055656
1113    0.033782
1114    0.021977
1115    0.068169
1116    0.053219
1117    0.039525
1118    0.053989
1119    0.048854
1120    0.029620
1121    0.018915
1122    0.017199
1123    0.018472
1124    0.029190
1125    0.050823
1126    0.057240
1127    0.033278
1128    0.042462
1129    0.040985
1130    0.078008
1131    0.033882
1132    0.044611
1133    0.064188
1134    0.033563
1135    0.044177
1136    0.044684
1137    0.053663
1138    0.053880
1139    0.032274
1140    0.059559
1141    0.041979
1142    0.055740
1143    0.063525
1144    0.044029
1145    0.053872
1146    0.046572
1147    0.039609
1148    0.028054
1149    0.036985
1150    0.035433
1151    0.080797
1152    0.042058
1153    0.046195
1154    0.038876
1155    0.033318
1156    0.049741
1157    0.021540
1158    0.021943
1159    0.049505
1160    0.037974
1161    0.020458
1162    0.029138
1163    0.052489
1164    0.033498
1165    0.054459
1166    0.066860
1167    0.055755
1168    0.031019
1169    0.034920
1170    0.066273
1171    0.044106
1172    0.050222
1173    0.040567
1174    0.044352
1175    0.052641
1176    0.029284
1177    0.099504
1178    0.039305
1179    0.019224
1180    0.064728
1181    0.050618
1182    0.027893
1183    0.029396
1184    0.041961
1185    0.043181
1186    0.055861
1187    0.037190
1188    0.057559
1189    0.038723
1190    0.072330
1191    0.013260
1192    0.045437
1193    0.041487
1194    0.033636
1195    0.050637
1196    0.055925
1197    0.044814
1198    0.045764
1199    0.038337
1200    0.072026
1201    0.028795
1202    0.035687
1203    0.052433
1204    0.003814
1205    0.051838
1206    0.041987
1207    0.050503
1208    0.038250
1209    0.053329
1210    0.060252
1211    0.022508
1212    0.067984
1213    0.036657
1214    0.062405
1215    0.042373
1216    0.029700
1217    0.023317
1218    0.030667
1219    0.044961
1220    0.043288
1221    0.049838
1222    0.033913
1223    0.027129
1224    0.048164
1225    0.035327
1226    0.058036
1227    0.015074
1228    0.029313
1229    0.056515
1230    0.044539
1231    0.062836
1232    0.023008
1233    0.051707
1234    0.053727
1235    0.067472
1236    0.031769
1237    0.030780
1238    0.064424
1239    0.048120
1240    0.029882
1241    0.038692
1242    0.057378
1243    0.062332
1244    0.018655
1245    0.049331
1246    0.047821
1247    0.058807
1248    0.051948
1249    0.030459
1250    0.035966
1251    0.026706
1252    0.023749
1253    0.049520
1254    0.039811
1255    0.037482
1256    0.040734
1257    0.041999
1258    0.056168
1259    0.063781
1260    0.030599
1261    0.048093
1262    0.058677
1263    0.028616
1264    0.051355
1265    0.035696
1266    0.039834
1267    0.027352
1268    0.036058
1269    0.035609
1270    0.030975
1271    0.023868
1272    0.044415
1273    0.039614
1274    0.045286
1275    0.036876
1276    0.032106
1277    0.064547
1278    0.038335
1279    0.021469
1280    0.077904
1281    0.033080
1282    0.045437
1283    0.038396
1284    0.038429
1285    0.044566
1286    0.049461
1287    0.056010
1288    0.064678
1289    0.038595
1290    0.065038
1291    0.060000
1292    0.036793
1293    0.067837
1294    0.051816
1295    0.070972
1296    0.042542
1297    0.022817
1298    0.043951
1299    0.022472
1300    0.029514
1301    0.045660
1302    0.030639
1303    0.027682
1304    0.045889
1305    0.051318
1306    0.056544
1307    0.054614
1308    0.049733
1309    0.056594
1310    0.030271
1311    0.038023
1312    0.049268
1313    0.026468
1314    0.045467
1315    0.058691
1316    0.050275
1317    0.051367
1318    0.071544
1319    0.056253
1320    0.065898
1321    0.047262
1322    0.023156
1323    0.035520
1324    0.047994
1325    0.028654
1326    0.061850
1327    0.043881
1328    0.040602
1329    0.068807
1330    0.033036
1331    0.032675
1332    0.056350
1333    0.036209
1334    0.031045
1335    0.041985
1336    0.029596
1337    0.039099
1338    0.064572
1339    0.037726
1340    0.041306
1341    0.018589
1342    0.036837
1343    0.020276
1344    0.053366
1345    0.032559
1346    0.043797
1347    0.055127
1348    0.029409
1349    0.045658
1350    0.030814
1351    0.034152
1352    0.043790
1353    0.064845
1354    0.065545
1355    0.043645
1356    0.053798
1357    0.030058
1358    0.035771
1359    0.033318
1360    0.051264
1361    0.024633
1362    0.067966
1363    0.033287
1364    0.048534
1365    0.028149
1366    0.030110
1367    0.050179
1368    0.051485
1369    0.021775
1370    0.054271
1371    0.024071
1372    0.032709
1373    0.035666
1374    0.043148
1375    0.075730
1376    0.050659
1377    0.025783
1378    0.020492
1379    0.050865
1380    0.052222
1381    0.035484
1382    0.038511
1383    0.044944
1384    0.062162
1385    0.050617
1386    0.044917
1387    0.056956
1388    0.039798
1389    0.052222
1390    0.035945
1391    0.033072
1392    0.062914
1393    0.047354
1394    0.034205
1395    0.052787
1396    0.036777
1397    0.019287
1398    0.020415
1399    0.034738
1400    0.033145
1401    0.036156
1402    0.042643
1403    0.039317
1404    0.026349
1405    0.048569
1406    0.025960
1407    0.037139
1408    0.028555
1409    0.007653
1410    0.030874
1411    0.054968
1412    0.014855
1413    0.037940
1414    0.027469
1415    0.030058
1416    0.075565
1417    0.056311
1418    0.056518
1419    0.058540
1420    0.043638
1421    0.047017
1422    0.018854
1423    0.042298
1424    0.046230
1425    0.027255
1426    0.046887
1427    0.027992
1428    0.048487
1429    0.056442
1430    0.039930
1431    0.069131
1432    0.043386
1433    0.048234
1434    0.041300
1435    0.053065
1436    0.037946
1437    0.047085
1438    0.080176
1439    0.031092
1440    0.071268
1441    0.022299
1442    0.059566
1443    0.037018
1444    0.057611
1445    0.037816
1446    0.055199
1447    0.053071
1448    0.049158
1449    0.052036
1450    0.063147
1451    0.058333
1452    0.049839
1453    0.051710
1454    0.019278
1455    0.050205
1456    0.031895
1457    0.024485
1458    0.033784
1459    0.048910
1460    0.018891
1461    0.040972
1462    0.048312
1463    0.064081
1464    0.028442
1465    0.021484
1466    0.049164
1467    0.021476
1468    0.029438
1469    0.024603
1470    0.061597
1471    0.065811
1472    0.045235
1473    0.024159
1474    0.045953
1475    0.057128
1476    0.023478
1477    0.034496
1478    0.049282
1479    0.035277
1480    0.081513
1481    0.044572
1482    0.062400
1483    0.032952
1484    0.035771
1485    0.030723
1486    0.042969
1487    0.044318
1488    0.059007
1489    0.039639
1490    0.045985
1491    0.035741
1492    0.028563
1493    0.058850
1494    0.031585
1495    0.050719
1496    0.032471
1497    0.028354
1498    0.046802
1499    0.033597
1500    0.030341
1501    0.033308
1502    0.033027
1503    0.021751
1504    0.053224
1505    0.031854
1506    0.027097
1507    0.070769
1508    0.024668
1509    0.017758
1510    0.082021
1511    0.022229
1512    0.045168
1513    0.038953
1514    0.056682
1515    0.038587
1516    0.027380
1517    0.044262
1518    0.040663
1519    0.032320
1520    0.066545
1521    0.056585
1522    0.037467
1523    0.057263
1524    0.068544
1525    0.030818
1526    0.046019
1527    0.037860
1528    0.042589
1529    0.049563
1530    0.052813
1531    0.040571
1532    0.062854
1533    0.054122
1534    0.016290
1535    0.033269
1536    0.027243
1537    0.033193
1538    0.018739
1539    0.055080
1540    0.027371
1541    0.031881
1542    0.027177
1543    0.040360
1544    0.052202
1545    0.030919
1546    0.017827
1547    0.033840
1548    0.044527
1549    0.030408
1550    0.023353
1551    0.073414
1552    0.047428
1553    0.064092
1554    0.033861
1555    0.054607
1556    0.053285
1557    0.033491
1558    0.051421
1559    0.038857
1560    0.058036
1561    0.015648
1562    0.054293
1563    0.061207
1564    0.028738
1565    0.050396
1566    0.048621
1567    0.038488
1568    0.034008
1569    0.017399
1570    0.046505
1571    0.033252
1572    0.035447
1573    0.048506
1574    0.066597
1575    0.052972
1576    0.020651
1577    0.052599
1578    0.050829
1579    0.033614
1580    0.058733
1581    0.031715
1582    0.026985
1583    0.043461
1584    0.031264
1585    0.047259
1586    0.089364
1587    0.039888
1588    0.046154
1589    0.037627
1590    0.031981
1591    0.072245
1592    0.038495
1593    0.044818
1594    0.036292
1595    0.035403
1596    0.043355
1597    0.034773
1598    0.037184
1599    0.040644
1600    0.074421
1601    0.028973
1602    0.062118
1603    0.047420
1604    0.030212
1605    0.034008
1606    0.047880
1607    0.046112
1608    0.096969
1609    0.046027
1610    0.036117
1611    0.088185
1612    0.026968
1613    0.062685
1614    0.022579
1615    0.040381
1616    0.027136
1617    0.035523
1618    0.070370
1619    0.038135
1620    0.022676
1621    0.072111
1622    0.036288
1623    0.040610
1624    0.026369
1625    0.057045
1626    0.032653
1627    0.030349
1628    0.020880
1629    0.065663
1630    0.054862
1631    0.061517
1632    0.034208
1633    0.039538
1634    0.030692
1635    0.028878
1636    0.056670
1637    0.052759
1638    0.048234
1639    0.043987
1640    0.028496
1641    0.041271
1642    0.045661
1643    0.029072
1644    0.026870
1645    0.055552
1646    0.026356
1647    0.049318
1648    0.054068
1649    0.043560
1650    0.022327
1651    0.037685
1652    0.033485
1653    0.027386
1654    0.065731
1655    0.031205
1656    0.044314
1657    0.056370
1658    0.054803
1659    0.093862
1660    0.054828
1661    0.036485
1662    0.042555
1663    0.012859
1664    0.034127
1665    0.036938
1666    0.041900
1667    0.044760
1668    0.035495
1669    0.048399
1670    0.041017
1671    0.048467
1672    0.043836
1673    0.062687
1674    0.047016
1675    0.074212
1676    0.047012
1677    0.071939
1678    0.024028
1679    0.032388
1680    0.070435
1681    0.035613
1682    0.034266
1683    0.066985
1684    0.038507
1685    0.039983
1686    0.055592
1687    0.048097
1688    0.026358
1689    0.057497
1690    0.045163
1691    0.038981
1692    0.077903
1693    0.027608
1694    0.066462
1695    0.025108
1696    0.060938
1697    0.031403
1698    0.032066
1699    0.027422
1700    0.059236
1701    0.056260
1702    0.060440
1703    0.050390
1704    0.055921
1705    0.025565
1706    0.070409
1707    0.029568
1708    0.041809
1709    0.028595
1710    0.064410
1711    0.066500
1712    0.066018
1713    0.022921
1714    0.083655
1715    0.037693
1716    0.039131
1717    0.044455
1718    0.043291
1719    0.043646
1720    0.058563
1721    0.042997
1722    0.057090
1723    0.036725
1724    0.053827
1725    0.047095
1726    0.060799
1727    0.047806
1728    0.026359
1729    0.055157
1730    0.042185
1731    0.050889
1732    0.026174
1733    0.065266
1734    0.054797
1735    0.065612
1736    0.059109
1737    0.075158
1738    0.036171
1739    0.036796
1740    0.038300
1741    0.029874
1742    0.029117
1743    0.034293
1744    0.045402
1745    0.048206
1746    0.065570
1747    0.079064
1748    0.032247
1749    0.028095
1750    0.044547
1751    0.033848
1752    0.042863
1753    0.039975
1754    0.042710
1755    0.050334
1756    0.045254
1757    0.020733
1758    0.037451
1759    0.029930
1760    0.060224
1761    0.022260
1762    0.022449
1763    0.025215
1764    0.084640
1765    0.045818
1766    0.022970
1767    0.024069
1768    0.053229
1769    0.023331
1770    0.062323
1771    0.063789
1772    0.035310
1773    0.046387
1774    0.050825
1775    0.076368
1776    0.054741
1777    0.044976
1778    0.052443
1779    0.038657
1780    0.053087
1781    0.050428
1782    0.027993
1783    0.039084
1784    0.019326
1785    0.026210
1786    0.058201
1787    0.032831
1788    0.013865
1789    0.027857
1790    0.044101
1791    0.046415
1792    0.088380
1793    0.027568
1794    0.039605
1795    0.041050
1796    0.050144
1797    0.031046
1798    0.049755
1799    0.055745
1800    0.044212
1801    0.022498
1802    0.031774
1803    0.048527
1804    0.036036
1805    0.020193
1806    0.035293
1807    0.034676
1808    0.051620
1809    0.040689
1810    0.029218
1811    0.078401
1812    0.036421
1813    0.046907
1814    0.048526
1815    0.034227
1816    0.032510
1817    0.058359
1818    0.032260
1819    0.023143
1820    0.027359
1821    0.060426
1822    0.040007
1823    0.034681
1824    0.033686
1825    0.055568
1826    0.077057
1827    0.019798
1828    0.012941
1829    0.045590
1830    0.026460
1831    0.043870
1832    0.059940
1833    0.019771
1834    0.080776
1835    0.055861
1836    0.059602
1837    0.026009
1838    0.029782
1839    0.035334
1840    0.021863
1841    0.037208
1842    0.049570
1843    0.048208
1844    0.024965
1845    0.025966
1846    0.030356
1847    0.041182
1848    0.057459
1849    0.055598
1850    0.041512
1851    0.037182
1852    0.032529
1853    0.046893
1854    0.047525
1855    0.048231
1856    0.026081
1857    0.039129
1858    0.059967
1859    0.035963
1860    0.058808
1861    0.052222
1862    0.062331
1863    0.017306
1864    0.046061
1865    0.036771
1866    0.028431
1867    0.042632
1868    0.041214
1869    0.049843
1870    0.040307
1871    0.051994
1872    0.064268
1873    0.081021
1874    0.028677
1875    0.043290
1876    0.031063
1877    0.049952
1878    0.019407
1879    0.058137
1880    0.070934
1881    0.033903
1882    0.046331
1883    0.028176
1884    0.041961
1885    0.016978
1886    0.003551
1887    0.027847
1888    0.026882
1889    0.051403
1890    0.043666
1891    0.050165
1892    0.033527
1893    0.062721
1894    0.033437
1895    0.026504
1896    0.049711
1897    0.055180
1898    0.008786
1899    0.073208
1900    0.015606
1901    0.044493
1902    0.018499
1903    0.055934
1904    0.044482
1905    0.035672
1906    0.043623
1907    0.064533
1908    0.034496
1909    0.048082
1910    0.043980
1911    0.064795
1912    0.031838
1913    0.057198
1914    0.039381
1915    0.049950
1916    0.060019
1917    0.020882
1918    0.068301
1919    0.045535
1920    0.054419
1921    0.029525
1922    0.045666
1923    0.058405
1924    0.065957
1925    0.013673
1926    0.034900
1927    0.024721
1928    0.034977
1929    0.053699
1930    0.038160
1931    0.082470
1932    0.037556
1933    0.038534
1934    0.087450
1935    0.059167
1936    0.054076
1937    0.050967
1938    0.034896
1939    0.073837
1940    0.030611
1941    0.032745
1942    0.050007
1943    0.013682
1944    0.040140
1945    0.071487
1946    0.061823
1947    0.054828
1948    0.051031
1949    0.047531
1950    0.046347
1951    0.025955
1952    0.052211
1953    0.039736
1954    0.033003
1955    0.050494
1956    0.046524
1957    0.008985
1958    0.047402
1959    0.040880
1960    0.042398
1961    0.070324
1962    0.047301
1963    0.046783
1964    0.054697
1965    0.022513
1966    0.047822
1967    0.031374
1968    0.036313
1969    0.044158
1970    0.052582
1971    0.059912
1972    0.042047
1973    0.013962
1974    0.022128
1975    0.048521
1976    0.057565
1977    0.031034
1978    0.052733
1979    0.033203
1980    0.053525
1981    0.038286
1982    0.049764
1983    0.045110
1984    0.048040
1985    0.045233
1986    0.030995
1987    0.050643
1988    0.038010
1989    0.045109
1990    0.047691
1991    0.044623
1992    0.038787
1993    0.041167
1994    0.060881
1995    0.025265
1996    0.035090
1997    0.037833
1998    0.034175
1999    0.058391
2000    0.019349
2001    0.033098
2002    0.016262
2003    0.054709
2004    0.041056
2005    0.010088
2006    0.090620
2007    0.026433
2008    0.023423
2009    0.025298
2010    0.050386
2011    0.027248
2012    0.058353
2013    0.060101
2014    0.033667
2015    0.026012
2016    0.018780
2017    0.014440
2018    0.059568
2019    0.047500
2020    0.054998
2021    0.079207
2022    0.042437
2023    0.062096
2024    0.049739
2025    0.035857
2026    0.044036
2027    0.040971
2028    0.044938
2029    0.044076
2030    0.041810
2031    0.044000
2032    0.022929
2033    0.060464
2034    0.078726
2035    0.027973
2036    0.061356
2037    0.043688
2038    0.041998
2039    0.064581
2040    0.022354
2041    0.023395
2042    0.048085
2043    0.079179
2044    0.015998
2045    0.033372
2046    0.030378
2047    0.031970
2048    0.034605
2049    0.019198
2050    0.059552
2051    0.025399
2052    0.022867
2053    0.024137
2054    0.077784
2055    0.052760
2056    0.067717
2057    0.061298
2058    0.045538
2059    0.061951
2060    0.021472
2061    0.039096
2062    0.036044
2063    0.023219
2064    0.061637
2065    0.069238
2066    0.027534
2067    0.042936
2068    0.048765
2069    0.044365
2070    0.050197
2071    0.031639
2072    0.037885
2073    0.020941
2074    0.061531
2075    0.026589
2076    0.021071
2077    0.023471
2078    0.038487
2079    0.049043
2080    0.016706
2081    0.029444
2082    0.050349
2083    0.033793
2084    0.057502
2085    0.064092
2086    0.070578
2087    0.047244
2088    0.066833
2089    0.034573
2090    0.037978
2091    0.032221
2092    0.030231
2093    0.058700
2094    0.038330
2095    0.030805
2096    0.036982
2097    0.070922
2098    0.035450
2099    0.034089
2100    0.028215
2101    0.048471
2102    0.025207
2103    0.041924
2104    0.035069
2105    0.063591
2106    0.065155
2107    0.065919
2108    0.020614
2109    0.036982
2110    0.021169
2111    0.033260
2112    0.040322
2113    0.057992
2114    0.056406
2115    0.057179
2116    0.026902
2117    0.048323
2118    0.023618
2119    0.033069
2120    0.061099
2121    0.023227
2122    0.086438
2123    0.041756
2124    0.048701
2125    0.027832
2126    0.036799
2127    0.026375
2128    0.047873
2129    0.035009
2130    0.035227
2131    0.059631
2132    0.040032
2133    0.030811
2134    0.047278
2135    0.017787
2136    0.063120
2137    0.041586
2138    0.017716
2139    0.047871
2140    0.036302
2141    0.061519
2142    0.045275
2143    0.044876
2144    0.028919
2145    0.046270
2146    0.074000
2147    0.014364
2148    0.017123
2149    0.036863
2150    0.027876
2151    0.045629
2152    0.032510
2153    0.011405
2154    0.028192
2155    0.041728
2156    0.031126
2157    0.022979
2158    0.048583
2159    0.017768
2160    0.033008
2161    0.043464
2162    0.068228
2163    0.048991
2164    0.020993
2165    0.006489
2166    0.050433
2167    0.082122
2168    0.036347
2169    0.057153
2170    0.027498
2171    0.033320
2172    0.044596
2173    0.032276
2174    0.050476
2175    0.060500
2176    0.058153
2177    0.040345
2178    0.032526
2179    0.041940
2180    0.039849
2181    0.037066
2182    0.068574
2183    0.062625
2184    0.021436
2185    0.063265
2186    0.058648
2187    0.064210
2188    0.051118
2189    0.018601
2190    0.034650
2191    0.045658
2192    0.059300
2193    0.043845
2194    0.054650
2195    0.044054
2196    0.056066
2197    0.048760
2198    0.029438
2199    0.028682
2200    0.027730
2201    0.086355
2202    0.066238
2203    0.042232
2204    0.030396
2205    0.052310
2206    0.051642
2207    0.054629
2208    0.032680
2209    0.053571
2210    0.030163
2211    0.046673
2212    0.034025
2213    0.058846
2214    0.064628
2215    0.068357
2216    0.030330
2217    0.025572
2218    0.035862
2219    0.064867
2220    0.057043
2221    0.031389
2222    0.017104
2223    0.032473
2224    0.044183
2225    0.086625
2226    0.063188
2227    0.039172
2228    0.017931
2229    0.039085
2230    0.045479
2231    0.015693
2232    0.039826
2233    0.047707
2234    0.024742
2235    0.066077
2236    0.047675
2237    0.050474
2238    0.040586
2239    0.017756
2240    0.040427
2241    0.036936
2242    0.035032
2243    0.037446
2244    0.054505
2245    0.022764
2246    0.024006
2247    0.028058
2248    0.044833
2249    0.021051
2250    0.095018
2251    0.017936
2252    0.056929
2253    0.052591
2254    0.040359
2255    0.026516
2256    0.074113
2257    0.025132
2258    0.042125
2259    0.067293
2260    0.030256
2261    0.049999
2262    0.037352
2263    0.056128
2264    0.055814
2265    0.020550
2266    0.037435
2267    0.085954
2268    0.043862
2269    0.037725
2270    0.043428
2271    0.060915
2272    0.024063
2273    0.027184
2274    0.042100
2275    0.045592
2276    0.033206
2277    0.049195
2278    0.056430
2279    0.080258
2280    0.057768
2281    0.036625
2282    0.053590
2283    0.058716
2284    0.016650
2285    0.019098
2286    0.030039
2287    0.048985
2288    0.052964
2289    0.032900
2290    0.009988
2291    0.026883
2292    0.042751
2293    0.035813
2294    0.051994
2295    0.041936
2296    0.019558
2297    0.043217
2298    0.064442
2299    0.042820
2300    0.029086
2301    0.037297
2302    0.017729
2303    0.047091
2304    0.039183
2305    0.018377
2306    0.073861
2307    0.050857
2308    0.020939
2309    0.029222
2310    0.031766
2311    0.052884
2312    0.072454
2313    0.012749
2314    0.010183
2315    0.045243
2316    0.028921
2317    0.037636
2318    0.039298
2319    0.053397
2320    0.053473
2321    0.025842
2322    0.037611
2323    0.026073
2324    0.049680
2325    0.038708
2326    0.031907
2327    0.070209
2328    0.040480
2329    0.035631
2330    0.060357
2331    0.056077
2332    0.046691
2333    0.036729
2334    0.047483
2335    0.034686
2336    0.014126
2337    0.035632
2338    0.051669
2339    0.052517
2340    0.028010
2341    0.026763
2342    0.051526
2343    0.053355
2344    0.020094
2345    0.039395
2346    0.053424
2347    0.041249
2348    0.052231
2349    0.043841
2350    0.046294
2351    0.035239
2352    0.059604
2353    0.032734
2354    0.079262
2355    0.036705
2356    0.073377
2357    0.029034
2358    0.056867
2359    0.071891
2360    0.040692
2361    0.026099
2362    0.043324
2363    0.061970
2364    0.017268
2365    0.035056
2366    0.031251
2367    0.038292
2368    0.064867
2369    0.093632
2370    0.050144
2371    0.037593
2372    0.041979
2373    0.059559
2374    0.035056
2375    0.045438
2376    0.025086
2377    0.025293
2378    0.069043
2379    0.044138
2380    0.070502
2381    0.026207
2382    0.036286
2383    0.041642
2384    0.026981
2385    0.091242
2386    0.052446
2387    0.055075
2388    0.029571
2389    0.033726
2390    0.035245
2391    0.045706
2392    0.054524
2393    0.042479
2394    0.044126
2395    0.039790
2396    0.041040
2397    0.028830
2398    0.031007
2399    0.042475
2400    0.034113
2401    0.044512
2402    0.015142
2403    0.029065
2404    0.035452
2405    0.033801
2406    0.040068
2407    0.034727
2408    0.031920
2409    0.033304
2410    0.032968
2411    0.052981
2412    0.025783
2413    0.047119
2414    0.051648
2415    0.058719
2416    0.018159
2417    0.053465
2418    0.037823
2419    0.060557
2420    0.028738
2421    0.036326
2422    0.059474
2423    0.016371
2424    0.023046
2425    0.020308
2426    0.045809
2427    0.055940
2428    0.037467
2429    0.048968
2430    0.047128
2431    0.039036
2432    0.035576
2433    0.064150
2434    0.051480
2435    0.077708
2436    0.060094
2437    0.047169
2438    0.046534
2439    0.062653
2440    0.018401
2441    0.055605
2442    0.049320
2443    0.035183
2444    0.053937
2445    0.065557
2446    0.035748
2447    0.056227
2448    0.052400
2449    0.030760
2450    0.029670
2451    0.054438
2452    0.035500
2453    0.065828
2454    0.034135
2455    0.069112
2456    0.076722
2457    0.053740
2458    0.053309
2459    0.043728
2460    0.032896
2461    0.027699
2462    0.040045
2463    0.044099
2464    0.046468
2465    0.039791
2466    0.031088
2467    0.033714
2468    0.053042
2469    0.058759
2470    0.061500
2471    0.058613
2472    0.031689
2473    0.051580
2474    0.045064
2475    0.059667
2476    0.049959
2477    0.029626
2478    0.039339
2479    0.038985
2480    0.057122
2481    0.032564
2482    0.048458
2483    0.054554
2484    0.040927
2485    0.029841
2486    0.059287
2487    0.063043
2488    0.035026
2489    0.056517
2490    0.046522
2491    0.022264
2492    0.037015
2493    0.039522
2494    0.038778
2495    0.048622
2496    0.040263
2497    0.027545
2498    0.032661
2499    0.034085
2500    0.039926
2501    0.024050
2502    0.046776
2503    0.027494
2504    0.062046
2505    0.058297
2506    0.020789
2507    0.035499
2508    0.017924
2509    0.034730
2510    0.029102
2511    0.048686
2512    0.042071
2513    0.046861
2514    0.048963
2515    0.025566
2516    0.021949
2517    0.015690
2518    0.035770
2519    0.043060
2520    0.037179
2521    0.027027
2522    0.044900
2523    0.032852
2524    0.082542
2525    0.063416
2526    0.023316
2527    0.016762
2528    0.045341
2529    0.057590
2530    0.051824
2531    0.021272
2532    0.033892
2533    0.080768
2534    0.052147
2535    0.020591
2536    0.028247
2537    0.053019
2538    0.036144
2539    0.029321
2540    0.072880
2541    0.031603
2542    0.010739
2543    0.072565
2544    0.040948
2545    0.018150
2546    0.059397
2547    0.036087
2548    0.061652
2549    0.066958
2550    0.008938
2551    0.026018
2552    0.044267
2553    0.045791
2554    0.030938
2555    0.058842
2556    0.063346
2557    0.024082
2558    0.029059
2559    0.041719
2560    0.039171
2561    0.056242
2562    0.060706
2563    0.052517
2564    0.043861
2565    0.032043
2566    0.037215
2567    0.039974
2568    0.058621
2569    0.019797
2570    0.039336
2571    0.042276
2572    0.049591
2573    0.051059
2574    0.030583
2575    0.019010
2576    0.029310
2577    0.066067
2578    0.045565
2579    0.052842
2580    0.031089
2581    0.034683
2582    0.045033
2583    0.032594
2584    0.032479
2585    0.046895
2586    0.060144
2587    0.041886
2588    0.046815
2589    0.045435
2590    0.035193
2591    0.027406
2592    0.045274
2593    0.065411
2594    0.033787
2595    0.028787
2596    0.013561
2597    0.043692
2598    0.052755
2599    0.061577
2600    0.054380
2601    0.008948
2602    0.012616
2603    0.026925
2604    0.042465
2605    0.031149
2606    0.052213
2607    0.043659
2608    0.057645
2609    0.055787
2610    0.085623
2611    0.035462
2612    0.060489
2613    0.034241
2614    0.047505
2615    0.021382
2616    0.072724
2617    0.063030
2618    0.057175
2619    0.054925
2620    0.050587
2621    0.019555
2622    0.051649
2623    0.024021
2624    0.019163
2625    0.040685
2626    0.029270
2627    0.024660
2628    0.040998
2629    0.018597
2630    0.075144
2631    0.020476
2632    0.040031
2633    0.043262
2634    0.044237
2635    0.042081
2636    0.037763
2637    0.064689
2638    0.039117
2639    0.063918
2640    0.058282
2641    0.046145
2642    0.044915
2643    0.050006
2644    0.068928
2645    0.033544
2646    0.017135
2647    0.009450
2648    0.019405
2649    0.030758
2650    0.047607
2651    0.033591
2652    0.053877
2653    0.039242
2654    0.051765
2655    0.031190
2656    0.043381
2657    0.045728
2658    0.038916
2659    0.078160
2660    0.056253
2661    0.037119
2662    0.021783
2663    0.041068
2664    0.036897
2665    0.019942
2666    0.063966
2667    0.036297
2668    0.047386
2669    0.043904
2670    0.039713
2671    0.057753
2672    0.071795
2673    0.060089
2674    0.068537
2675    0.021043
2676    0.034835
2677    0.037754
2678    0.055335
2679    0.038479
2680    0.035249
2681    0.050335
2682    0.059159
2683    0.050040
2684    0.045675
2685    0.039547
2686    0.031729
2687    0.032957
2688    0.045324
2689    0.033757
2690    0.033654
2691    0.036388
2692    0.066442
2693    0.032938
2694    0.050686
2695    0.043354
2696    0.051489
2697    0.038202
2698    0.056567
2699    0.043512
2700    0.041077
2701    0.043006
2702    0.046238
2703    0.027623
2704    0.055335
2705    0.043243
2706    0.031267
2707    0.068653
2708    0.054671
2709    0.039881
2710    0.051640
2711    0.034131
2712    0.027912
2713    0.035131
2714    0.053262
2715    0.027230
2716    0.018719
2717    0.052916
2718    0.057662
2719    0.064013
2720    0.057827
2721    0.054398
2722    0.043742
2723    0.020420
2724    0.034756
2725    0.022008
2726    0.033292
2727    0.034916
2728    0.067207
2729    0.050520
2730    0.050835
2731    0.030505
2732    0.036051
2733    0.035675
2734    0.045566
2735    0.033836
2736    0.023606
2737    0.029972
2738    0.056710
2739    0.057297
2740    0.043600
2741    0.046968
2742    0.036488
2743    0.033574
2744    0.069558
2745    0.013012
2746    0.037246
2747    0.022484
2748    0.051052
2749    0.022654
2750    0.027675
2751    0.064737
2752    0.043248
2753    0.018142
2754    0.035330
2755    0.054646
2756    0.072395
2757    0.016192
2758    0.042887
2759    0.047337
2760    0.048218
2761    0.040982
2762    0.033488
2763    0.042764
2764    0.032718
2765    0.044792
2766    0.063445
2767    0.019681
2768    0.050272
2769    0.067890
2770    0.055775
2771    0.033597
2772    0.022287
2773    0.058989
2774    0.043958
2775    0.045392
2776    0.036572
2777    0.039126
2778    0.033341
2779    0.031634
2780    0.036711
2781    0.024773
2782    0.030601
2783    0.068775
2784    0.049954
2785    0.049560
2786    0.052743
2787    0.053292
2788    0.049531
2789    0.012723
2790    0.054743
2791    0.016161
2792    0.065239
2793    0.052838
2794    0.021649
2795    0.060261
2796    0.063946
2797    0.031313
2798    0.048791
2799    0.021602
2800    0.072447
2801    0.032648
2802    0.022822
2803    0.031099
2804    0.068830
2805    0.024586
2806    0.030873
2807    0.024688
2808    0.039528
2809    0.090152
2810    0.039293
2811    0.029573
2812    0.060925
2813    0.038366
2814    0.058053
2815    0.064233
2816    0.062926
2817    0.028862
2818    0.022599
2819    0.040865
2820    0.028416
2821    0.057610
2822    0.076172
2823    0.050389
2824    0.042793
2825    0.049607
2826    0.037781
2827    0.018067
2828    0.037132
2829    0.042135
2830    0.035261
2831    0.061559
2832    0.016817
2833    0.027362
2834    0.034595
2835    0.054008
2836    0.045506
2837    0.029270
2838    0.027405
2839    0.042917
2840    0.040164
2841    0.048375
2842    0.052000
2843    0.028440
2844    0.028189
2845    0.030222
2846    0.035987
2847    0.030966
2848    0.065772
2849    0.038049
2850    0.075153
2851    0.041563
2852    0.028072
2853    0.013764
2854    0.043875
2855    0.078975
2856    0.054457
2857    0.038541
2858    0.035249
2859    0.030602
2860    0.072349
2861    0.014768
2862    0.072569
2863    0.065874
2864    0.033316
2865    0.020840
2866    0.057580
2867    0.055075
2868    0.026781
2869    0.009378
2870    0.039562
2871    0.032650
2872    0.016263
2873    0.036977
2874    0.037457
2875    0.037659
2876    0.044256
2877    0.022112
2878    0.017147
2879    0.072415
2880    0.057638
2881    0.037495
2882    0.031216
2883    0.035279
2884    0.037375
2885    0.027935
2886    0.046059
2887    0.032583
2888    0.028131
2889    0.019913
2890    0.016551
2891    0.072093
2892    0.076416
2893    0.031489
2894    0.055910
2895    0.021923
2896    0.069393
2897    0.075477
2898    0.021807
2899    0.049595
2900    0.021486
2901    0.015711
2902    0.017414
2903    0.035694
2904    0.053615
2905    0.032999
2906    0.058463
2907    0.051236
2908    0.045755
2909    0.054631
2910    0.112480
2911    0.079667
2912    0.032876
2913    0.029113
2914    0.018767
2915    0.020097
2916    0.077301
2917    0.025268
2918    0.031423
2919    0.041517
2920    0.075164
2921    0.029195
2922    0.054909
2923    0.028949
2924    0.041182
2925    0.035423
2926    0.037712
2927    0.022524
2928    0.036138
2929    0.039799
2930    0.033943
2931    0.034298
2932    0.040076
2933    0.057444
2934    0.034154
2935    0.034024
2936    0.019885
2937    0.034509
2938    0.069870
2939    0.039214
2940    0.019287
2941    0.053865
2942    0.039198
2943    0.056496
2944    0.009749
2945    0.025603
2946    0.066219
2947    0.049272
2948    0.013028
2949    0.044655
2950    0.066895
2951    0.053300
2952    0.023928
2953    0.041942
2954    0.058003
2955    0.029898
2956    0.031150
2957    0.068444
2958    0.033321
2959    0.027915
2960    0.039180
2961    0.062368
2962    0.075393
2963    0.034858
2964    0.035569
2965    0.031727
2966    0.058473
2967    0.034656
2968    0.030025
2969    0.049561
2970    0.039282
2971    0.012667
2972    0.033400
2973    0.017289
2974    0.048352
2975    0.029080
2976    0.044586
2977    0.041715
2978    0.052894
2979    0.059988
2980    0.047198
2981    0.068447
2982    0.030782
2983    0.047803
2984    0.027227
2985    0.052609
2986    0.079035
2987    0.014666
2988    0.030200
2989    0.023361
2990    0.024435
2991    0.036396
2992    0.044738
2993    0.054969
2994    0.031632
2995    0.057565
2996    0.032110
2997    0.027602
2998    0.029324
2999    0.022862
3000    0.044473
3001    0.085269
3002    0.030263
3003    0.072584
3004    0.044522
3005    0.047315
3006    0.048433
3007    0.030306
3008    0.058637
3009    0.023684
3010    0.030022
3011    0.041918
3012    0.021140
3013    0.062534
3014    0.030981
3015    0.029355
3016    0.044383
3017    0.023445
3018    0.029580
3019    0.052760
3020    0.028266
3021    0.031545
3022    0.031588
3023    0.054888
3024    0.029132
3025    0.037591
3026    0.052953
3027    0.036831
3028    0.041121
3029    0.085066
3030    0.051903
3031    0.080692
3032    0.039944
3033    0.045377
3034    0.034001
3035    0.027960
3036    0.045458
3037    0.020449
3038    0.025119
3039    0.062896
3040    0.060088
3041    0.031318
3042    0.016210
3043    0.041804
3044    0.031182
3045    0.056815
3046    0.032934
3047    0.069088
3048    0.046536
3049    0.051302
3050    0.069935
3051    0.032259
3052    0.058854
3053    0.023315
3054    0.029677
3055    0.033220
3056    0.039214
3057    0.026626
3058    0.018257
3059    0.022375
3060    0.035633
3061    0.067958
3062    0.026405
3063    0.022186
3064    0.055509
3065    0.051019
3066    0.031041
3067    0.042614
3068    0.047201
3069    0.024915
3070    0.040156
3071    0.017208
3072    0.031463
3073    0.013637
3074    0.050917
3075    0.046880
3076    0.038112
3077    0.044375
3078    0.059326
3079    0.033046
3080    0.024821
3081    0.030355
3082    0.024401
3083    0.043843
3084    0.018973
3085    0.065857
3086    0.045670
3087    0.033709
3088    0.024044
3089    0.040155
3090    0.039954
3091    0.048648
3092    0.065655
3093    0.041227
3094    0.047392
3095    0.030136
3096    0.045722
3097    0.028834
3098    0.041003
3099    0.046521
3100    0.048520
3101    0.028587
3102    0.031426
3103    0.035825
3104    0.063077
3105    0.085982
3106    0.046762
3107    0.057800
3108    0.028213
3109    0.040693
3110    0.040999
3111    0.053689
3112    0.036234
3113    0.034834
3114    0.032451
3115    0.062983
3116    0.014284
3117    0.029986
3118    0.036617
3119    0.018447
3120    0.028844
3121    0.054935
3122    0.030963
3123    0.089478
3124    0.034826
3125    0.040978
3126    0.038378
3127    0.014623
3128    0.034885
3129    0.039323
3130    0.038828
3131    0.025447
3132    0.025124
3133    0.050468
3134    0.050043
3135    0.028892
3136    0.053634
3137    0.022934
3138    0.030709
3139    0.010388
3140    0.027267
3141    0.024807
3142    0.074870
3143    0.033515
3144    0.024924
3145    0.044785
3146    0.050059
3147    0.064219
3148    0.020757
3149    0.051571
3150    0.059479
3151    0.056691
3152    0.029376
3153    0.027327
3154    0.029906
3155    0.085317
3156    0.043982
3157    0.026243
3158    0.048517
3159    0.028421
3160    0.046386
3161    0.046633
3162    0.039155
3163    0.054128
3164    0.041058
3165    0.083826
3166    0.018868
3167    0.052247
3168    0.030643
3169    0.016248
3170    0.044183
3171    0.033701
3172    0.038762
3173    0.008527
3174    0.047031
3175    0.018917
3176    0.042525
3177    0.053046
3178    0.066546
3179    0.017622
3180    0.028970
3181    0.026204
3182    0.038832
3183    0.019554
3184    0.026240
3185    0.041299
3186    0.038619
3187    0.027871
3188    0.029791
3189    0.057306
3190    0.037499
3191    0.037281
3192    0.027218
3193    0.044504
3194    0.024761
3195    0.015451
3196    0.058624
3197    0.034552
3198    0.029043
3199    0.024879
3200    0.045334
3201    0.042263
3202    0.019965
3203    0.039118
3204    0.040721
3205    0.029723
3206    0.035571
3207    0.043812
3208    0.052141
3209    0.029580
3210    0.039106
3211    0.047052
3212    0.052240
3213    0.029894
3214    0.009024
3215    0.054088
3216    0.066415
3217    0.047285
3218    0.039277
3219    0.042951
3220    0.050582
3221    0.044005
3222    0.035216
3223    0.045029
3224    0.025438
3225    0.046307
3226    0.057253
3227    0.041949
3228    0.017388
3229    0.028865
3230    0.059673
3231    0.028673
3232    0.045964
3233    0.024523
3234    0.049865
3235    0.032998
3236    0.062330
3237    0.043466
3238    0.017143
3239    0.057428
3240    0.028618
3241    0.041076
3242    0.021849
3243    0.034771
3244    0.032707
3245    0.089682
3246    0.038047
3247    0.026727
3248    0.057256
3249    0.037288
3250    0.040839
3251    0.038280
3252    0.042806
3253    0.048262
3254    0.016944
3255    0.045964
3256    0.038118
3257    0.065399
3258    0.041346
3259    0.057676
3260    0.038480
3261    0.009403
3262    0.042337
3263    0.044240
3264    0.055364
3265    0.070763
3266    0.026134
3267    0.083155
3268    0.042839
3269    0.035345
3270    0.053126
3271    0.034270
3272    0.039963
3273    0.073709
3274    0.039092
3275    0.017233
3276    0.017093
3277    0.022097
3278    0.036927
3279    0.019518
3280    0.035396
3281    0.043575
3282    0.051293
3283    0.047972
3284    0.031640
3285    0.038559
3286    0.028623
3287    0.009046
3288    0.043541
3289    0.064586
3290    0.042836
3291    0.017149
3292    0.036102
3293    0.044448
3294    0.033740
3295    0.046983
3296    0.039622
3297    0.020601
3298    0.077541
3299    0.032189
3300    0.032429
3301    0.054783
3302    0.027328
3303    0.043549
3304    0.040294
3305    0.038850
3306    0.028464
3307    0.032775
3308    0.060716
3309    0.052631
3310    0.055007
3311    0.031769
3312    0.028020
3313    0.045169
3314    0.031626
3315    0.064921
3316    0.040651
3317    0.080884
3318    0.027776
3319    0.022138
3320    0.027069
3321    0.031532
3322    0.018938
3323    0.060444
3324    0.025705
3325    0.050267
3326    0.050117
3327    0.048343
3328    0.039978
3329    0.072999
3330    0.022289
3331    0.031131
3332    0.048034
3333    0.027096
3334    0.062742
3335    0.070158
3336    0.053274
3337    0.015496
3338    0.050860
3339    0.035839
3340    0.039673
3341    0.022538
3342    0.049644
3343    0.071556
3344    0.048985
3345    0.056479
3346    0.024358
3347    0.051985
3348    0.020358
3349    0.040216
3350    0.053787
3351    0.039165
3352    0.031106
3353    0.027835
3354    0.010577
3355    0.025871
3356    0.025686
3357    0.025163
3358    0.060064
3359    0.019664
3360    0.021484
3361    0.064375
3362    0.027282
3363    0.021734
3364    0.031354
3365    0.014535
3366    0.034683
3367    0.036031
3368    0.033003
3369    0.047693
3370    0.044471
3371    0.031046
3372    0.034523
3373    0.076133
3374    0.039084
3375    0.026315
3376    0.053618
3377    0.037367
3378    0.063888
3379    0.029219
3380    0.023794
3381    0.030890
3382    0.035992
3383    0.029249
3384    0.043046
3385    0.050799
3386    0.025501
3387    0.045894
3388    0.027653
3389    0.039714
3390    0.026359
3391    0.016891
3392    0.018510
3393    0.057903
3394    0.041452
3395    0.035265
3396    0.038145
3397    0.015875
3398    0.019447
3399    0.033287
3400    0.058332
3401    0.027292
3402    0.043357
3403    0.027831
3404    0.044831
3405    0.029593
3406    0.075291
3407    0.040712
3408    0.028221
3409    0.022129
3410    0.067418
3411    0.050129
3412    0.074282
3413    0.023216
3414    0.030140
3415    0.065730
3416    0.065712
3417    0.054916
3418    0.018882
3419    0.027287
3420    0.018285
3421    0.046248
3422    0.049022
3423    0.049325
3424    0.030316
3425    0.033815
3426    0.038922
3427    0.046676
3428    0.033480
3429    0.055097
3430    0.025135
3431    0.056668
3432    0.010256
3433    0.049278
3434    0.022542
3435    0.063732
3436    0.030994
3437    0.031015
3438    0.036029
3439    0.036690
3440    0.043989
3441    0.038419
3442    0.032999
3443    0.032288
3444    0.030863
3445    0.018520
3446    0.028056
3447    0.043098
3448    0.018187
3449    0.020017
3450    0.025223
3451    0.041348
3452    0.059090
3453    0.016872
3454    0.021586
3455    0.021159
3456    0.017079
3457    0.028124
3458    0.046466
3459    0.040932
3460    0.027453
3461    0.026151
3462    0.028535
3463    0.016998
3464    0.027869
3465    0.048154
3466    0.039708
3467    0.022188
3468    0.046178
3469    0.058095
3470    0.027275
3471    0.048483
3472    0.017871
3473    0.060708
3474    0.029367
3475    0.023094
3476    0.025566
3477    0.055883
3478    0.031895
3479    0.024214
3480    0.038515
3481    0.044241
3482    0.036828
3483    0.048202
3484    0.025217
3485    0.035593
3486    0.035979
3487    0.075179
3488    0.040092
3489    0.022507
3490    0.076285
3491    0.022128
3492    0.026914
3493    0.052790
3494    0.040901
3495    0.043608
3496    0.052782
3497    0.039051
3498    0.031478
3499    0.027901
3500    0.095249
3501    0.038198
3502    0.020637
3503    0.026263
3504    0.034953
3505    0.024596
3506    0.028956
3507    0.027486
3508    0.028377
3509    0.029136
3510    0.029846
3511    0.021832
3512    0.012624
3513    0.052170
3514    0.042069
3515    0.032239
3516    0.030503
3517    0.045561
3518    0.048985
3519    0.027564
3520    0.055897
3521    0.037716
3522    0.021515
3523    0.022769
3524    0.033950
3525    0.013024
3526    0.026556
3527    0.064554
3528    0.037819
3529    0.032870
3530    0.020751
3531    0.053488
3532    0.046643
3533    0.027676
3534    0.044357
3535    0.037119
3536    0.062500
3537    0.048150
3538    0.021776
3539    0.011096
3540    0.044517
3541    0.043104
3542    0.012157
3543    0.046582
3544    0.022203
3545    0.031059
3546    0.064663
3547    0.032928
3548    0.046281
3549    0.013617
3550    0.050922
3551    0.017421
3552    0.060780
3553    0.024148
3554    0.018396
3555    0.042376
3556    0.046598
3557    0.021474
3558    0.026338
3559    0.033257
3560    0.066112
3561    0.046510
3562    0.047521
3563    0.053416
3564    0.020411
3565    0.041120
3566    0.036936
3567    0.076208
3568    0.018044
3569    0.042178
3570    0.032033
3571    0.032594
3572    0.045066
3573    0.054293
3574    0.032328
3575    0.040868
3576    0.040877
3577    0.019256
3578    0.037074
3579    0.053785
3580    0.054726
3581    0.039328
3582    0.031960
3583    0.019661
3584    0.026978
3585    0.034217
3586    0.017535
3587    0.051620
3588    0.038728
3589    0.036766
3590    0.037271
3591    0.075854
3592    0.040965
3593    0.060422
3594    0.035083
3595    0.041061
3596    0.038766
3597    0.035015
3598    0.048847
3599    0.042231
3600    0.047729
3601    0.013419
3602    0.040029
3603    0.054712
3604    0.031876
3605    0.055331
3606    0.028348
3607    0.022570
3608    0.054146
3609    0.071940
3610    0.054208
3611    0.029328
3612    0.033945
3613    0.018934
3614    0.026767
3615    0.028019
3616    0.055337
3617    0.034826
3618    0.044653
3619    0.046493
3620    0.042234
3621    0.023990
3622    0.058276
3623    0.029870
3624    0.033024
3625    0.032731
3626    0.068012
3627    0.013833
3628    0.056273
3629    0.041517
3630    0.059164
3631    0.037406
3632    0.045414
3633    0.029793
3634    0.050505
3635    0.040655
3636    0.040316
3637    0.049891
3638    0.046736
3639    0.047142
3640    0.034472
3641    0.034425
3642    0.034320
3643    0.028809
3644    0.041107
3645    0.070004
3646    0.051125
3647    0.047452
3648    0.019806
3649    0.010318
3650    0.056936
3651    0.015216
3652    0.030448
3653    0.022060
3654    0.040840
3655    0.047270
3656    0.049919
3657    0.033467
3658    0.044718
3659    0.054087
3660    0.033131
3661    0.044496
3662    0.073975
3663    0.010739
3664    0.029278
3665    0.020695
3666    0.038678
3667    0.011624
3668    0.022587
3669    0.016074
3670    0.040946
3671    0.061256
3672    0.063021
3673    0.058791
3674    0.049343
3675    0.065532
3676    0.025902
3677    0.019737
3678    0.023004
3679    0.040846
3680    0.057085
3681    0.011160
3682    0.039767
3683    0.046961
3684    0.011775
3685    0.045111
3686    0.021238
3687    0.021640
3688    0.028482
3689    0.057060
3690    0.047363
3691    0.026947
3692    0.045617
3693    0.037767
3694    0.037204
3695    0.044019
3696    0.029522
3697    0.018852
3698    0.079050
3699    0.042609
3700    0.040687
3701    0.012064
3702    0.049632
3703    0.045073
3704    0.032167
3705    0.014031
3706    0.046502
3707    0.057400
3708    0.029604
3709    0.039491
3710    0.039942
3711    0.052098
3712    0.058245
3713    0.036774
3714    0.034014
3715    0.022017
3716    0.043251
3717    0.035000
3718    0.044544
3719    0.014658
3720    0.063831
3721    0.062739
3722    0.043858
3723    0.028330
3724    0.032520
3725    0.050375
3726    0.058785
3727    0.023980
3728    0.050459
3729    0.028601
3730    0.027972
3731    0.051035
3732    0.054795
3733    0.023846
3734    0.055751
3735    0.016589
3736    0.027208
3737    0.034097
3738    0.041199
3739    0.049453
3740    0.033570
3741    0.071685
3742    0.045183
3743    0.050232
3744    0.029776
3745    0.060731
3746    0.015989
3747    0.021102
3748    0.030101
3749    0.035170
3750    0.059180
3751    0.032586
3752    0.048191
3753    0.063250
3754    0.045426
3755    0.031448
3756    0.048779
3757    0.051097
3758    0.021161
3759    0.027145
3760    0.035540
3761    0.018795
3762    0.037689
3763    0.039051
3764    0.062715
3765    0.036261
3766    0.027469
3767    0.028964
3768    0.022203
3769    0.025994
3770    0.022751
3771    0.021371
3772    0.036683
3773    0.056448
3774    0.028681
3775    0.049328
3776    0.018690
3777    0.037023
3778    0.053812
3779    0.021345
3780    0.024544
3781    0.036131
3782    0.066850
3783    0.036865
3784    0.068659
3785    0.032842
3786    0.032441
3787    0.024021
3788    0.035355
3789    0.022475
3790    0.030965
3791    0.024639
3792    0.042638
3793    0.030469
3794    0.040781
3795    0.068564
3796    0.057413
3797    0.039499
3798    0.043570
3799    0.026552
3800    0.023507
3801    0.033616
3802    0.037155
3803    0.016970
3804    0.020989
3805    0.034022
3806    0.052866
3807    0.041748
3808    0.040839
3809    0.016849
3810    0.036202
3811    0.043639
3812    0.037889
3813    0.048640
3814    0.047180
3815    0.037917
3816    0.022593
3817    0.057253
3818    0.060664
3819    0.018970
3820    0.045859
3821    0.031634
3822    0.037546
3823    0.042071
3824    0.026832
3825    0.054083
3826    0.045059
3827    0.040067
3828    0.029824
3829    0.043589
3830    0.030761
3831    0.071850
3832    0.021682
3833    0.033680
3834    0.029245
3835    0.032777
3836    0.036108
3837    0.033886
3838    0.042869
3839    0.028496
3840    0.033941
3841    0.043890
3842    0.062965
3843    0.034915
3844    0.038453
3845    0.053260
3846    0.022110
3847    0.033704
3848    0.041465
3849    0.018167
3850    0.088984
3851    0.050642
3852    0.058539
3853    0.025524
3854    0.030148
3855    0.044331
3856    0.037868
3857    0.035293
3858    0.040447
3859    0.019632
3860    0.035484
3861    0.028787
3862    0.025270
3863    0.033464
3864    0.040509
3865    0.048800
3866    0.029704
3867    0.033333
3868    0.068673
3869    0.027286
3870    0.018738
3871    0.050283
3872    0.027571
3873    0.041401
3874    0.037293
3875    0.076013
3876    0.022599
3877    0.035887
3878    0.023763
3879    0.013180
3880    0.019442
3881    0.033477
3882    0.062173
3883    0.038735
3884    0.061022
3885    0.034915
3886    0.017435
3887    0.025098
3888    0.018755
3889    0.048848
3890    0.061492
3891    0.025624
3892    0.069628
3893    0.036774
3894    0.040376
3895    0.038956
3896    0.047265
3897    0.029498
3898    0.020843
3899    0.048811
3900    0.025849
3901    0.067604
3902    0.031376
3903    0.052542
3904    0.036253
3905    0.009978
3906    0.029447
3907    0.041323
3908    0.048181
3909    0.028346
3910    0.053709
3911    0.065420
3912    0.029776
3913    0.031657
3914    0.046094
3915    0.047961
3916    0.027957
3917    0.056622
3918    0.020061
3919    0.037072
3920    0.045137
3921    0.015720
3922    0.026687
3923    0.026230
3924    0.054004
3925    0.021485
3926    0.089932
3927    0.033996
3928    0.037069
3929    0.027084
3930    0.042160
3931    0.063494
3932    0.021246
3933    0.033049
3934    0.027926
3935    0.061647
3936    0.057293
3937    0.047301
3938    0.050071
3939    0.032266
3940    0.053180
3941    0.028545
3942    0.029777
3943    0.024299
3944    0.026103
3945    0.032911
3946    0.026048
3947    0.033786
3948    0.018887
3949    0.055090
3950    0.034761
3951    0.012662
3952    0.040805
3953    0.041835
3954    0.030801
3955    0.025116
3956    0.036575
3957    0.023379
3958    0.091829
3959    0.016711
3960    0.014471
3961    0.025527
3962    0.021991
3963    0.022116
3964    0.023170
3965    0.052957
3966    0.021867
3967    0.025693
3968    0.025150
3969    0.035629
3970    0.017672
3971    0.020552
3972    0.014279
3973    0.018758
3974    0.022819
3975    0.029686
3976    0.044742
3977    0.013824
3978    0.037766
3979    0.033073
3980    0.040907
3981    0.022356
3982    0.042458
3983    0.024102
3984    0.043983
3985    0.043480
3986    0.034560
3987    0.027603
3988    0.011590
3989    0.032541
3990    0.065864
3991    0.020950
3992    0.030376
3993    0.068618
3994    0.022556
3995    0.035231
3996    0.033256
3997    0.013223
3998    0.035020
3999    0.044936
4000    0.034544
4001    0.037161
4002    0.030224
4003    0.024742
4004    0.033088
4005    0.042380
4006    0.016343
4007    0.028679
4008    0.021304
4009    0.013787
4010    0.045384
4011    0.024981
4012    0.043970
4013    0.057894
4014    0.019888
4015    0.040624
4016    0.029350
4017    0.019986
4018    0.028369
4019    0.035413
4020    0.044685
4021    0.028730
4022    0.038434
4023    0.032392
4024    0.048686
4025    0.051809
4026    0.035474
4027    0.039237
4028    0.026476
4029    0.014388
4030    0.036675
4031    0.039383
4032    0.038690
4033    0.059287
4034    0.045351
4035    0.057728
4036    0.030672
4037    0.020818
4038    0.026949
4039    0.034850
4040    0.030271
4041    0.014090
4042    0.020457
4043    0.030007
4044    0.043587
4045    0.036774
4046    0.028308
4047    0.050063
4048    0.031749
4049    0.016745
4050    0.019088
4051    0.045140
4052    0.046904
4053    0.025443
4054    0.024200
4055    0.015053
4056    0.038208
4057    0.042822
4058    0.019876
4059    0.047793
4060    0.042762
4061    0.033064
4062    0.020295
4063    0.050864
4064    0.027759
4065    0.061550
4066    0.026328
4067    0.030858
4068    0.024021
4069    0.024089
4070    0.029441
4071    0.033296
4072    0.030631
4073    0.044530
4074    0.018195
4075    0.037646
4076    0.020111
4077    0.033280
4078    0.050663
4079    0.042753
4080    0.044605
4081    0.038999
4082    0.042436
4083    0.026365
4084    0.039895
4085    0.057690
4086    0.072085
4087    0.023390
4088    0.015624
4089    0.035230
4090    0.065882
4091    0.029204
4092    0.047731
4093    0.011634
4094    0.059298
4095    0.027293
4096    0.053942
4097    0.020820
4098    0.030505
4099    0.019978
4100    0.011936
4101    0.037921
4102    0.036569
4103    0.035573
4104    0.017258
4105    0.026938
4106    0.037260
4107    0.035202
4108    0.016173
4109    0.037775
4110    0.037360
4111    0.043453
4112    0.014318
4113    0.015815
4114    0.024822
4115    0.025204
4116    0.015314
4117    0.043109
4118    0.049193
4119    0.039031
4120    0.064712
4121    0.023016
4122    0.035304
4123    0.029010
4124    0.025031
4125    0.025456
4126    0.055034
4127    0.010878
4128    0.081585
4129    0.045250
4130    0.030483
4131    0.043738
4132    0.053924
4133    0.052095
4134    0.029995
4135    0.027210
4136    0.012442
4137    0.033213
4138    0.038514
4139    0.017081
4140    0.065833
4141    0.028931
4142    0.046178
4143    0.037058
4144    0.024739
4145    0.030959
4146    0.014515
4147    0.026115
4148    0.047780
4149    0.033703
4150    0.034845
4151    0.010983
4152    0.022559
4153    0.037324
4154    0.042489
4155    0.055470
4156    0.048530
4157    0.031830
4158    0.025516
4159    0.057756
4160    0.022594
4161    0.068755
4162    0.073144
4163    0.032667
4164    0.031285
4165    0.015410
4166    0.037827
4167    0.013718
4168    0.029406
4169    0.038377
4170    0.024466
4171    0.052532
4172    0.043831
4173    0.039846
4174    0.080203
4175    0.035114
4176    0.050513
4177    0.044333
4178    0.046180
4179    0.014280
4180    0.019952
4181    0.024821
4182    0.056506
4183    0.031979
4184    0.028684
4185    0.027929
4186    0.044487
4187    0.031505
4188    0.042185
4189    0.023593
4190    0.056403
4191    0.065516
4192    0.033503
4193    0.023355
4194    0.031915
4195    0.037397
4196    0.018375
4197    0.017479
4198    0.062811
4199    0.024757
4200    0.018066
4201    0.038058
4202    0.025465
4203    0.052173
4204    0.039619
4205    0.036013
4206    0.042939
4207    0.047646
4208    0.023557
4209    0.039867
4210    0.017484
4211    0.029461
4212    0.054705
4213    0.036554
4214    0.019400
4215    0.041340
4216    0.023353
4217    0.052043
4218    0.018090
4219    0.006889
4220    0.038320
4221    0.032595
4222    0.018947
4223    0.040365
4224    0.047135
4225    0.057659
4226    0.025991
4227    0.018923
4228    0.024545
4229    0.064209
4230    0.036867
4231    0.050211
4232    0.037203
4233    0.022084
4234    0.048747
4235    0.031025
4236    0.034356
4237    0.029048
4238    0.029348
4239    0.079002
4240    0.032642
4241    0.021868
4242    0.044684
4243    0.037311
4244    0.050051
4245    0.030187
4246    0.032098
4247    0.039253
4248    0.040424
4249    0.018937
4250    0.012487
4251    0.060100
4252    0.027335
4253    0.016740
4254    0.041530
4255    0.064032
4256    0.025886
4257    0.018404
4258    0.037085
4259    0.030554
4260    0.055507
4261    0.036294
4262    0.026613
4263    0.049208
4264    0.021055
4265    0.058915
4266    0.098713
4267    0.033510
4268    0.063308
4269    0.028822
4270    0.030236
4271    0.052323
4272    0.031022
4273    0.045989
4274    0.041417
4275    0.034783
4276    0.067328
4277    0.022826
4278    0.048504
4279    0.019517
4280    0.060748
4281    0.028354
4282    0.042030
4283    0.019919
4284    0.022064
4285    0.035313
4286    0.038943
4287    0.010032
4288    0.023270
4289    0.055423
4290    0.040041
4291    0.035627
4292    0.051886
4293    0.023642
4294    0.053151
4295    0.027229
4296    0.034481
4297    0.028097
4298    0.014062
4299    0.038272
4300    0.052783
4301    0.040554
4302    0.014778
4303    0.022811
4304    0.069734
4305    0.030733
4306    0.025868
4307    0.039203
4308    0.052247
4309    0.052370
4310    0.054705
4311    0.036210
4312    0.036202
4313    0.028529
4314    0.031096
4315    0.014316
4316    0.042648
4317    0.021035
4318    0.046485
4319    0.014442
4320    0.059441
4321    0.068308
4322    0.051802
4323    0.023471
4324    0.048833
4325    0.016371
4326    0.049713
4327    0.051544
4328    0.037325
4329    0.035117
4330    0.047228
4331    0.062605
4332    0.052681
4333    0.023843
4334    0.023448
4335    0.026929
4336    0.020008
4337    0.084489
4338    0.052573
4339    0.040405
4340    0.043181
4341    0.033939
4342    0.016500
4343    0.032405
4344    0.036378
4345    0.034180
4346    0.021283
4347    0.068599
4348    0.045726
4349    0.008415
4350    0.049149
4351    0.022039
4352    0.047256
4353    0.023817
4354    0.018173
4355    0.016522
4356    0.064845
4357    0.039454
4358    0.026004
4359    0.017026
4360    0.025179
4361    0.027170
4362    0.052701
4363    0.034937
4364    0.033575
4365    0.019575
4366    0.043852
4367    0.011483
4368    0.086269
4369    0.048759
4370    0.008551
4371    0.017045
4372    0.045335
4373    0.036484
4374    0.047047
4375    0.027834
4376    0.038111
4377    0.024554
4378    0.027123
4379    0.026592
4380    0.054924
4381    0.029252
4382    0.002481
4383    0.019869
4384    0.026426
4385    0.024287
4386    0.033583
4387    0.032119
4388    0.029112
4389    0.021614
4390    0.036684
4391    0.043228
4392    0.051183
4393    0.031934
4394    0.025206
4395    0.052240
4396    0.036239
4397    0.048993
4398    0.037702
4399    0.051725
4400    0.053416
4401    0.005756
4402    0.041366
4403    0.018622
4404    0.033980
4405    0.031795
4406    0.012833
4407    0.060616
4408    0.045424
4409    0.044588
4410    0.041601
4411    0.031717
4412    0.028108
4413    0.011878
4414    0.033499
4415    0.029374
4416    0.079968
4417    0.074243
4418    0.025245
4419    0.019362
4420    0.029920
4421    0.025559
4422    0.027719
4423    0.035183
4424    0.036525
4425    0.041348
4426    0.024500
4427    0.051468
4428    0.044390
4429    0.044125
4430    0.043544
4431    0.020303
4432    0.068604
4433    0.012903
4434    0.039639
4435    0.049823
4436    0.020767
4437    0.012897
4438    0.055209
4439    0.039538
4440    0.029049
4441    0.022895
4442    0.033107
4443    0.033158
4444    0.033144
4445    0.052973
4446    0.015702
4447    0.034250
4448    0.027900
4449    0.043304
4450    0.050865
4451    0.042375
4452    0.018398
4453    0.048772
4454    0.009279
4455    0.028018
4456    0.065659
4457    0.033219
4458    0.026096
4459    0.055128
4460    0.019097
4461    0.059385
4462    0.020646
4463    0.019308
4464    0.028289
4465    0.051755
4466    0.023114
4467    0.019312
4468    0.027252
4469    0.027609
4470    0.014211
4471    0.025837
4472    0.035869
4473    0.031463
4474    0.044641
4475    0.011754
4476    0.033124
4477    0.020676
4478    0.028843
4479    0.045801
4480    0.042292
4481    0.024343
4482    0.028139
4483    0.049783
4484    0.043290
4485    0.020742
4486    0.027014
4487    0.018124
4488    0.058354
4489    0.018439
4490    0.042226
4491    0.038730
4492    0.031185
4493    0.026445
4494    0.022436
4495    0.013065
4496    0.060395
4497    0.022775
4498    0.031100
4499    0.026849
4500    0.037867
4501    0.028696
4502    0.045723
4503    0.041740
4504    0.026122
4505    0.020933
4506    0.029303
4507    0.037957
4508    0.027523
4509    0.034509
4510    0.046481
4511    0.023416
4512    0.016242
4513    0.035805
4514    0.041559
4515    0.032525
4516    0.060402
4517    0.053863
4518    0.045958
4519    0.038946
4520    0.058108
4521    0.035156
4522    0.033237
4523    0.023911
4524    0.027531
4525    0.009251
4526    0.011869
4527    0.037198
4528    0.019686
4529    0.032196
4530    0.016468
4531    0.019802
4532    0.046977
4533    0.031611
4534    0.046730
4535    0.023784
4536    0.044708
4537    0.052937
4538    0.035682
4539    0.040415
4540    0.030846
4541    0.047552
4542    0.039635
4543    0.010280
4544    0.028896
4545    0.041004
4546    0.048086
4547    0.041005
4548    0.038138
4549    0.021437
4550    0.024905
4551    0.043167
4552    0.030297
4553    0.036853
4554    0.023355
4555    0.025576
4556    0.064028
4557    0.055096
4558    0.008945
4559    0.023088
4560    0.018877
4561    0.024054
4562    0.049141
4563    0.022553
4564    0.032046
4565    0.035082
4566    0.059062
4567    0.070724
4568    0.031734
4569    0.020816
4570    0.034310
4571    0.011938
4572    0.030027
4573    0.022368
4574    0.020751
4575    0.037775
4576    0.033986
4577    0.015993
4578    0.035974
4579    0.011447
4580    0.057375
4581    0.035702
4582    0.027706
4583    0.034281
4584    0.055757
4585    0.034166
4586    0.049545
4587    0.022402
4588    0.031195
4589    0.075905
4590    0.029261
4591    0.053334
4592    0.043666
4593    0.043761
4594    0.018344
4595    0.026825
4596    0.062199
4597    0.024957
4598    0.019783
4599    0.017107
4600    0.037780
4601    0.026989
4602    0.032413
4603    0.017955
4604    0.008306
4605    0.039115
4606    0.045695
4607    0.030663
4608    0.073588
4609    0.078533
4610    0.010098
4611    0.024504
4612    0.036643
4613    0.036381
4614    0.024486
4615    0.027985
4616    0.008109
4617    0.020642
4618    0.016183
4619    0.038639
4620    0.029283
4621    0.020777
4622    0.043635
4623    0.011752
4624    0.031608
4625    0.054779
4626    0.052385
4627    0.010939
4628    0.065525
4629    0.038207
4630    0.015842
4631    0.034019
4632    0.048867
4633    0.022614
4634    0.037413
4635    0.064396
4636    0.008843
4637    0.025523
4638    0.016241
4639    0.052109
4640    0.028859
4641    0.021490
4642    0.041045
4643    0.027628
4644    0.031429
4645    0.026719
4646    0.034469
4647    0.008883
4648    0.038766
4649    0.044890
4650    0.043652
4651    0.057041
4652    0.044169
4653    0.012060
4654    0.023160
4655    0.023105
4656    0.047176
4657    0.057614
4658    0.035428
4659    0.027386
4660    0.050309
4661    0.041100
4662    0.014970
4663    0.035199
4664    0.028140
4665    0.033943
4666    0.035046
4667    0.025936
4668    0.022672
4669    0.020774
4670    0.031181
4671    0.019101
4672    0.034226
4673    0.016171
4674    0.027341
4675    0.045629
4676    0.041975
4677    0.019539
4678    0.039976
4679    0.055617
4680    0.036917
4681    0.011985
4682    0.026003
4683    0.029727
4684    0.024540
4685    0.022902
4686    0.041590
4687    0.031698
4688    0.033149
4689    0.025000
4690    0.040663
4691    0.020280
4692    0.070097
4693    0.029930
4694    0.044571
4695    0.033963
4696    0.068796
4697    0.052907
4698    0.043016
4699    0.039550
4700    0.027518
4701    0.010658
4702    0.028807
4703    0.043366
4704    0.029596
4705    0.053639
4706    0.034575
4707    0.014286
4708    0.042954
4709    0.050930
4710    0.031567
4711    0.051559
4712    0.048282
4713    0.049315
4714    0.017794
4715    0.030038
4716    0.048796
4717    0.014887
4718    0.027276
4719    0.016028
4720    0.030233
4721    0.036148
4722    0.042352
4723    0.052634
4724    0.041126
4725    0.022482
4726    0.040280
4727    0.030791
4728    0.022142
4729    0.023662
4730    0.055092
4731    0.080943
4732    0.025192
4733    0.033885
4734    0.049795
4735    0.024798
4736    0.038147
4737    0.034089
4738    0.026884
4739    0.035061
4740    0.064101
4741    0.009778
4742    0.034649
4743    0.019485
4744    0.030932
4745    0.021921
4746    0.038853
4747    0.017198
4748    0.037125
4749    0.043679
4750    0.019191
4751    0.030064
4752    0.041472
4753    0.036488
4754    0.019347
4755    0.019847
4756    0.014932
4757    0.036889
4758    0.051722
4759    0.025080
4760    0.046640
4761    0.037145
4762    0.024592
4763    0.042797
4764    0.048811
4765    0.024586
4766    0.051019
4767    0.032632
4768    0.031144
4769    0.051152
4770    0.033890
4771    0.054145
4772    0.018820
4773    0.027467
4774    0.020464
4775    0.069637
4776    0.007452
4777    0.038111
4778    0.062331
4779    0.037264
4780    0.037344
4781    0.021120
4782    0.032076
4783    0.011000
4784    0.030464
4785    0.027587
4786    0.036713
4787    0.025129
4788    0.040119
4789    0.028086
4790    0.064288
4791    0.048029
4792    0.034216
4793    0.054382
4794    0.053001
4795    0.045289
4796    0.066805
4797    0.043160
4798    0.036142
4799    0.041197
4800    0.061287
4801    0.030270
4802    0.046494
4803    0.028024
4804    0.042210
4805    0.034751
4806    0.043863
4807    0.033155
4808    0.019157
4809    0.060980
4810    0.012092
4811    0.045202
4812    0.017619
4813    0.034562
4814    0.017036
4815    0.031151
4816    0.030920
4817    0.035678
4818    0.031272
4819    0.033307
4820    0.023210
4821    0.028757
4822    0.034838
4823    0.010183
4824    0.036029
4825    0.015369
4826    0.021002
4827    0.027168
4828    0.014606
4829    0.015186
4830    0.052303
4831    0.019674
4832    0.043394
4833    0.038675
4834    0.018105
4835    0.031343
4836    0.036663
4837    0.037579
4838    0.035192
4839    0.010058
4840    0.014041
4841    0.035847
4842    0.020913
4843    0.012820
4844    0.015954
4845    0.033087
4846    0.064350
4847    0.034804
4848    0.036999
4849    0.023371
4850    0.047371
4851    0.037955
4852    0.039534
4853    0.025827
4854    0.025677
4855    0.049630
4856    0.044824
4857    0.031413
4858    0.010309
4859    0.044299
4860    0.061434
4861    0.042441
4862    0.020577
4863    0.026655
4864    0.030649
4865    0.026568
4866    0.028966
4867    0.039562
4868    0.046874
4869    0.034140
4870    0.042927
4871    0.028425
4872    0.062963
4873    0.027772
4874    0.055998
4875    0.023201
4876    0.060557
4877    0.022124
4878    0.047594
4879    0.029846
4880    0.055141
4881    0.032747
4882    0.035359
4883    0.022677
4884    0.033461
4885    0.020904
4886    0.036803
4887    0.032039
4888    0.029659
4889    0.032769
4890    0.046825
4891    0.036987
4892    0.040332
4893    0.034136
4894    0.038720
4895    0.034245
4896    0.030876
4897    0.016752
4898    0.047495
4899    0.044275
4900    0.041052
4901    0.025149
4902    0.038860
4903    0.035740
4904    0.031507
4905    0.011766
4906    0.017004
4907    0.032684
4908    0.030248
4909    0.022596
4910    0.033139
4911    0.019485
4912    0.013205
4913    0.050772
4914    0.007695
4915    0.037538
4916    0.038677
4917    0.049660
4918    0.019032
4919    0.041694
4920    0.013537
4921    0.042578
4922    0.025083
4923    0.013844
4924    0.029450
4925    0.069118
4926    0.042104
4927    0.033123
4928    0.015529
4929    0.059403
4930    0.011915
4931    0.044192
4932    0.038343
4933    0.054912
4934    0.041569
4935    0.046213
4936    0.018220
4937    0.003543
4938    0.017759
4939    0.029417
4940    0.035319
4941    0.008872
4942    0.009748
4943    0.019994
4944    0.025173
4945    0.044743
4946    0.031957
4947    0.012029
4948    0.028099
4949    0.018106
4950    0.037918
4951    0.061685
4952    0.051073
4953    0.035133
4954    0.022880
4955    0.037289
4956    0.036474
4957    0.025733
4958    0.039040
4959    0.020227
4960    0.071447
4961    0.015837
4962    0.020605
4963    0.018097
4964    0.061460
4965    0.022528
4966    0.023352
4967    0.019993
4968    0.038517
4969    0.028080
4970    0.061205
4971    0.046557
4972    0.050142
4973    0.061223
4974    0.021718
4975    0.021339
4976    0.029564
4977    0.030990
4978    0.057526
4979    0.038034
4980    0.037307
4981    0.022652
4982    0.050000
4983    0.038568
4984    0.044123
4985    0.020965
4986    0.020823
4987    0.034863
4988    0.057934
4989    0.015472
4990    0.024314
4991    0.041172
4992    0.044894
4993    0.035223
4994    0.012824
4995    0.028085
4996    0.057107
4997    0.011123
4998    0.053451
4999    0.011708
