0    304.321451
1    295.477416
2    339.044669
3    166.985675
4    134.669429
5    89.381540
6    62.478706
7    61.040320
8    53.217432
9    47.345643
10    37.776556
11    42.136061
12    37.521385
13    36.718369
14    43.215331
15    38.508853
16    36.431302
17    40.154413
18    39.731399
19    40.986426
20    42.660409
21    33.289080
22    45.373595
23    44.616423
24    43.430710
25    38.068864
26    37.965634
27    34.035058
28    36.931870
29    44.277740
30    36.904670
31    36.313199
32    39.247906
33    40.916713
34    37.905784
35    37.891493
36    38.412083
37    29.099249
38    37.774164
39    36.084689
40    35.222654
41    36.994758
42    34.560202
43    37.853687
44    30.876199
45    34.643442
46    33.858249
47    30.785074
48    36.845304
49    30.877232
50    30.308815
51    28.802877
52    25.031876
53    30.535790
54    34.935471
55    25.339000
56    26.142661
57    30.009276
58    31.307387
59    39.890759
60    44.338248
61    61.482690
62    94.620008
63    103.380033
64    104.305441
65    87.799648
66    89.116443
67    70.655164
68    80.380837
69    64.279275
70    47.263684
71    37.970937
72    30.938950
73    30.135381
74    32.161547
75    27.433691
76    29.431293
77    26.218338
78    26.444064
79    26.678094
80    23.468147
81    26.539962
82    23.563521
83    24.481272
84    23.131812
85    24.765908
86    26.444286
87    28.969127
88    28.218493
89    38.841110
90    52.961101
91    60.277478
92    63.746499
93    67.109124
94    53.598913
95    35.626838
96    34.371746
97    28.007364
98    24.876348
99    24.282637
