0    177.838989
1    70.067010
2    52.110267
3    35.719968
4    43.344979
5    41.813803
6    46.696593
7    40.259780
8    38.200697
9    23.587125
10    72.591986
11    47.593479
12    33.761470
13    51.827028
14    37.696720
15    63.860376
16    27.408220
17    27.829741
18    25.846834
19    17.039972
20    34.571899
21    25.902633
22    33.327373
23    42.650676
24    24.802149
25    34.690429
26    16.463753
27    35.723305
28    23.266346
29    18.138311
30    13.230520
31    36.641982
32    34.973640
33    64.367893
34    60.521282
35    41.565419
36    21.236743
37    23.970175
38    41.107282
39    18.962352
40    25.976778
41    32.653626
42    35.387164
43    42.486137
44    40.699233
45    19.366477
46    11.954587
47    30.901942
48    37.937459
49    18.677451
50    15.961394
51    13.921185
52    17.936675
53    14.444352
54    20.980213
55    25.623273
56    18.273840
57    30.865731
58    18.317470
59    11.878762
60    30.422697
61    17.928193
62    11.467807
63    36.422183
64    30.621547
65    14.678102
66    46.038239
67    20.630451
68    50.009978
69    35.642711
70    34.658567
71    29.759569
72    15.157884
73    12.448003
74    24.152706
75    18.168803
76    38.668736
77    47.397760
78    42.997450
79    12.223982
80    20.870212
81    40.113613
82    35.105223
83    5.809652
84    31.836245
85    17.625674
86    45.038993
87    43.330403
88    21.651823
89    14.531532
90    51.203774
91    16.496966
92    13.556123
93    10.408054
94    16.333403
95    36.799892
96    13.159292
97    14.909703
98    16.496245
99    23.721586
100    26.280425
101    24.518734
102    28.319562
103    43.473026
104    62.098878
105    32.894817
106    30.038516
107    46.361709
108    28.671499
109    21.194857
110    14.015461
111    14.007300
112    24.535370
113    16.926026
114    21.305420
115    26.650197
116    16.113752
117    29.620008
118    24.479889
119    20.397709
120    20.893099
121    28.803640
122    43.974949
123    14.771910
124    19.443287
125    11.603224
126    17.233571
127    23.577959
128    33.209650
129    28.164574
130    34.349792
131    34.557854
132    20.959401
133    28.759184
134    18.275071
135    19.396770
136    32.832523
137    22.690315
138    8.492909
139    14.383547
140    21.277698
141    31.766953
142    23.817412
143    26.576579
144    23.214480
145    33.638505
146    16.505092
147    10.386279
148    21.329595
149    35.977796
150    17.044128
151    32.881701
152    19.429897
153    14.775471
154    14.571254
155    25.226133
156    12.518215
157    8.323689
158    37.006579
159    28.658619
160    19.013631
161    28.209839
162    16.297127
163    15.006998
164    13.962531
165    13.853470
166    11.455998
167    18.689360
168    24.605633
169    16.137120
170    19.903986
171    18.155767
172    19.745062
173    19.394009
174    25.745820
175    27.858495
176    41.661158
177    33.090762
178    15.301274
179    13.927845
180    36.734561
181    15.708943
182    21.571234
183    16.448913
184    39.024319
185    22.864690
186    18.092881
187    30.695958
188    14.028838
189    20.191422
190    10.629590
191    24.942147
192    26.331336
193    7.762807
194    45.824026
195    33.502831
196    39.088523
197    19.604345
198    19.002936
199    17.560666
200    6.141471
201    20.051847
202    14.515302
203    23.549832
204    10.776350
205    35.503905
206    19.634555
207    61.865553
208    47.201573
209    41.714427
210    26.281805
211    20.827391
212    18.498207
213    19.927149
214    6.370800
215    19.001595
216    22.595720
217    12.172373
218    46.705528
219    26.926499
220    27.718273
221    20.530090
222    10.880221
223    10.027668
224    23.979331
225    25.715756
226    11.252071
227    21.067874
228    35.105612
229    18.621276
230    23.505404
231    23.655992
232    36.490472
233    42.838645
234    13.063170
235    56.702858
236    36.883257
237    14.555529
238    10.242965
239    20.956693
240    23.339958
241    15.946767
242    19.580946
243    26.933684
244    13.081489
245    17.706986
246    18.424549
247    17.766084
248    12.462688
249    17.390611
250    30.715636
251    28.182682
252    27.585710
253    24.450213
254    24.091149
255    23.804765
256    44.300137
257    7.022634
258    17.601908
259    22.028647
260    25.347450
261    16.776677
262    14.290141
263    10.542706
264    51.124735
265    45.666861
266    34.279388
267    20.264709
268    20.661185
269    9.736593
270    19.266841
271    10.601562
272    17.897026
273    36.047046
274    14.261038
275    13.580603
276    12.877108
277    27.873883
278    36.551178
279    29.459057
280    12.762788
281    28.867987
282    20.180252
283    20.859368
284    18.796667
285    15.557987
286    27.973973
287    16.717379
288    35.441597
289    14.582874
290    45.048778
291    18.912144
292    20.806238
293    29.913146
294    22.589010
295    20.351359
296    21.449325
297    31.412133
298    16.251739
299    24.365460
300    12.310770
301    18.804785
302    34.055022
303    26.489548
304    36.850401
305    11.555743
306    16.191321
307    17.379901
308    19.664424
309    36.932206
310    36.457779
311    23.290579
312    19.098237
313    22.944713
314    35.494229
315    18.089602
316    27.480627
317    13.451434
318    7.528519
319    17.165186
320    10.139162
321    9.111488
322    18.312761
323    17.648056
324    14.833913
325    9.136373
326    9.863541
327    13.425024
328    9.790828
329    14.086297
330    32.391875
331    18.821174
332    32.170756
333    21.295894
334    22.056369
335    16.370242
336    31.689617
337    12.476115
338    9.736996
339    23.663039
340    32.432403
341    11.236869
342    18.234111
343    12.495627
344    11.647822
345    19.732996
346    23.415596
347    29.787943
348    12.021248
349    35.846399
350    36.107946
351    16.263176
352    17.813710
353    9.385245
354    11.823060
355    31.396284
356    12.478990
357    15.076409
358    26.060949
359    9.456214
360    18.484930
361    17.946897
362    18.267056
363    16.686266
364    34.143492
365    5.545981
366    16.986826
367    23.456119
368    7.994042
369    22.674686
370    16.244923
371    23.764048
372    21.464629
373    39.250739
374    20.704358
375    19.502393
376    12.666509
377    9.660145
378    22.094998
379    11.880082
380    25.873349
381    31.701439
382    16.513872
383    13.683091
384    9.540470
385    8.565513
386    9.621144
387    10.940143
388    27.408061
389    8.097948
390    24.888378
391    30.127779
392    18.123848
393    13.839649
394    8.744850
395    11.768172
396    14.855528
397    17.703490
398    6.590624
399    16.000915
400    11.351489
401    13.987522
402    21.741417
403    11.585520
404    14.871367
405    20.829673
406    13.879712
407    37.287602
408    14.404350
409    18.346860
410    19.926931
411    15.681110
412    19.176026
413    35.481102
414    28.988121
415    10.471523
416    8.910889
417    17.199318
418    11.831713
419    23.069927
420    20.635119
421    39.010484
422    10.489517
423    24.928678
424    8.500821
425    21.193220
426    14.975286
427    17.433097
428    14.520901
429    14.468921
430    44.619733
431    16.177028
432    16.287447
433    22.497149
434    14.913781
435    7.547067
436    10.123221
437    24.303300
438    21.121394
439    14.053064
440    13.252785
441    14.523296
442    10.115140
443    14.902385
444    18.813077
445    59.870491
446    12.590174
447    17.750645
448    17.177952
449    9.785777
450    8.737106
451    12.885318
452    4.331361
453    12.942548
454    16.057537
455    7.358774
456    9.520450
457    11.178658
458    8.296431
459    31.478354
460    32.789206
461    14.738123
462    6.364243
463    13.202796
464    7.911994
465    10.850384
466    8.140240
467    23.402433
468    8.187488
469    7.421450
470    9.842962
471    5.498996
472    7.837503
473    19.058897
474    28.437296
475    17.923727
476    19.562766
477    30.743584
478    21.852633
479    19.727355
480    15.658838
481    6.143413
482    9.393462
483    50.904579
484    10.578608
485    7.047398
486    8.861718
487    8.355414
488    24.806137
489    29.176487
490    22.753623
491    14.047214
492    11.780386
493    26.744079
494    16.802895
495    24.752663
496    18.134111
497    9.183066
498    12.466976
499    14.767309
500    29.772381
501    18.034810
502    17.035815
503    19.594550
504    15.174473
505    11.562995
506    7.227945
507    25.161867
508    6.348032
509    8.779983
510    21.744009
511    19.906227
512    11.589734
513    17.793904
514    16.863864
515    21.748661
516    41.131422
517    39.756322
518    13.128026
519    9.275163
520    10.933397
521    41.608070
522    16.917211
523    22.593236
524    7.471377
525    9.080860
526    10.929013
527    10.463200
528    27.163272
529    5.870184
530    14.879162
531    22.833404
532    10.635905
533    12.479936
534    22.846606
535    5.696598
536    7.664715
537    25.018121
538    8.180107
539    13.497449
540    29.794810
541    8.573928
542    32.311467
543    19.282603
544    27.223152
545    17.306722
546    17.363505
547    22.778169
548    13.140020
549    15.615855
550    24.175967
551    6.083320
552    27.269535
553    3.442275
554    5.787273
555    13.043431
556    7.472763
557    23.208661
558    26.279675
559    15.519559
560    13.583663
561    20.978792
562    11.926696
563    23.687149
564    6.216355
565    11.185979
566    9.366951
567    18.267560
568    16.327501
569    7.108797
570    7.505919
571    13.348931
572    8.972366
573    8.052191
574    30.261197
575    5.079621
576    7.211734
577    9.527936
578    6.992913
579    24.186052
580    15.492583
581    10.187980
582    18.730203
583    21.126047
584    8.421993
585    13.677797
586    8.477229
587    14.086896
588    10.227678
589    9.084545
590    8.986504
591    22.984586
592    25.070364
593    15.768489
594    16.306096
595    16.703797
596    21.924049
597    15.572203
598    12.273697
599    11.353216
600    12.174101
601    9.802658
602    12.822894
603    13.241341
604    9.168951
605    3.957324
606    10.642038
607    13.014909
608    10.887796
609    5.816893
610    26.144185
611    21.832278
612    7.098859
613    28.279770
614    7.589327
615    52.829253
616    9.536927
617    14.863826
618    7.864705
619    3.959159
620    9.101004
621    22.270344
622    11.062277
623    6.215504
624    7.058534
625    7.598504
626    21.668196
627    12.297626
628    11.085509
629    8.301152
630    6.613302
631    33.785358
632    10.850262
633    5.756486
634    6.114453
635    9.085484
636    41.385345
637    19.167041
638    13.120081
639    9.409549
640    10.528567
641    7.227877
642    20.512380
643    5.818801
644    10.982190
645    12.257672
646    12.539648
647    11.492557
648    24.244914
649    11.409628
650    9.129154
651    6.922132
652    24.287589
653    14.714750
654    38.231063
655    36.338754
656    18.847190
657    5.611752
658    15.513265
659    7.664358
660    6.581746
661    25.264560
662    10.391444
663    10.571337
664    19.882931
665    16.986550
666    31.963502
667    45.039560
668    56.558341
669    31.876650
670    19.556784
671    11.805305
672    15.075988
673    31.512556
674    13.339223
675    8.884786
676    9.803495
677    17.313596
678    7.996271
679    23.407883
680    12.408690
681    9.173145
682    6.386928
683    18.167771
684    20.803197
685    34.054407
686    20.721690
687    8.165110
688    9.452654
689    8.062218
690    13.634961
691    24.466739
692    8.306680
693    10.812065
694    21.954849
695    26.392483
696    4.259760
697    5.040051
698    21.633019
699    8.882410
700    6.789961
701    33.659267
702    22.393644
703    29.844905
704    13.911438
705    12.659108
706    15.460516
707    8.842918
708    30.856682
709    17.411218
710    21.398356
711    35.770848
712    24.298556
713    31.450737
714    9.678305
715    7.350566
716    16.820615
717    12.497938
718    6.773682
719    9.476046
720    15.691558
721    27.288029
722    23.353634
723    9.658061
724    15.864724
725    7.884202
726    9.838790
727    8.327477
728    24.102716
729    7.991214
730    8.259195
731    8.187488
732    7.772075
733    18.028708
734    11.558546
735    9.962707
736    10.057296
737    22.706912
738    10.240518
739    7.909192
740    18.877999
741    9.292285
742    11.980444
743    12.589440
744    11.209697
745    7.551369
746    26.310978
747    20.043523
748    10.197047
749    7.091942
750    6.968109
751    8.765833
752    4.775009
753    35.653273
754    29.091761
755    13.828566
756    29.210428
757    7.358272
758    8.740012
759    30.827529
760    34.166730
761    16.013616
762    24.034337
763    21.046492
764    6.270064
765    11.558943
766    27.737403
767    28.463869
768    6.368839
769    11.176851
770    9.030479
771    11.387058
772    7.780975
773    9.431798
774    22.001924
775    5.043544
776    8.757214
777    7.317812
778    29.666501
779    8.464103
780    8.771448
781    20.542014
782    7.504351
783    8.130929
784    5.244950
785    21.375166
786    8.110429
787    21.341828
788    15.656565
789    11.632849
790    7.538245
791    8.492803
792    19.287661
793    10.128261
794    14.032171
795    18.009433
796    5.208209
797    6.452160
798    12.567044
799    17.066999
800    18.898168
801    16.579960
802    8.920454
803    7.366932
804    10.667848
805    12.808760
806    8.741000
807    46.793766
808    14.832912
809    51.284559
810    23.302536
811    22.673663
812    21.739429
813    13.630302
814    26.286524
815    9.932850
816    12.199175
817    10.900705
818    6.548038
819    5.871988
820    9.982528
821    13.473499
822    15.394457
823    6.844287
824    22.650835
825    24.088222
826    6.169563
827    15.421516
828    6.621921
829    9.678054
830    25.071269
831    7.254945
832    21.300047
833    14.372881
834    14.991373
835    14.357704
836    6.511902
837    12.622407
838    6.506905
839    5.287492
840    33.891165
841    14.534166
842    13.320457
843    14.158220
844    28.443573
845    9.165682
846    30.721414
847    7.984229
848    7.256624
849    10.624974
850    6.695161
851    21.478793
852    15.250624
853    6.856579
854    9.589762
855    10.822009
856    12.266435
857    8.989744
858    20.748099
859    6.945275
860    14.473390
861    6.318981
862    9.018652
863    7.538291
864    6.036730
865    9.062159
866    6.318077
867    7.908731
868    17.085777
869    10.100059
870    13.414706
871    3.199586
872    9.330821
873    18.603330
874    4.919113
875    19.588542
876    23.369351
877    6.060870
878    14.061282
879    18.041526
880    10.809444
881    5.329556
882    3.795023
883    5.501766
884    32.912073
885    13.717316
886    34.354735
887    20.314878
888    21.372895
889    20.066212
890    10.273355
891    6.512194
892    3.608948
893    6.588691
894    10.397711
895    24.287659
896    26.695373
897    10.579895
898    4.856120
899    5.780457
900    3.662061
901    44.404085
902    14.713940
903    13.407491
904    6.584892
905    17.992826
906    44.141096
907    6.613100
908    6.933125
909    8.251586
910    13.091942
911    11.916625
912    19.774326
913    30.522637
914    6.986730
915    18.341466
916    6.067643
917    8.666218
918    9.320069
919    3.844216
920    41.778911
921    17.635175
922    12.738186
923    16.482455
924    18.444166
925    43.432060
926    37.873162
927    32.199120
928    22.104404
929    13.100786
930    8.908002
931    28.123598
932    25.746559
933    7.276047
934    7.244740
935    32.342560
936    14.818020
937    9.984533
938    5.239854
939    5.725458
940    8.660064
941    5.202281
942    23.452302
943    6.970991
944    6.339287
945    35.711575
946    23.684040
947    12.043048
948    10.890313
949    14.964369
950    3.593302
951    30.220858
952    7.222777
953    8.466599
954    9.361526
955    8.720298
956    22.856507
957    4.905682
958    3.881638
959    13.848711
960    4.408478
961    6.517892
962    10.140031
963    4.697841
964    8.013781
965    9.152621
966    12.759072
967    4.928088
968    5.587508
969    4.041929
970    12.210162
971    7.371852
972    20.703090
973    15.837130
974    12.057400
975    38.539554
976    21.033353
977    28.347095
978    17.482833
979    7.721740
980    20.263966
981    7.700684
982    8.112178
983    3.052450
984    13.819211
985    23.729229
986    13.757985
987    17.297207
988    9.277416
989    5.883758
990    15.280329
991    7.973994
992    25.024924
993    19.609105
994    9.353119
995    10.081552
996    9.973137
997    9.037600
998    22.930027
999    7.042827
