24,-0.4193541262,0.2836040011,-1.279888847,-0.2757382443,-0.1019340835,0.04211094045,-0.1138015988,0.1412937812,-0.6228910365,-0.6599751231,-0.2298260609,0.4427830833,-1.076076404
21.6,-0.416913878,-0.4883658747,-0.5878371137,-0.2757382443,-0.3578854229,-0.003366890935,0.3703600695,0.5572576027,-0.5543432191,-0.9789202994,-0.08244191459,0.4427830833,-0.4932781704
34.7,-0.4169162032,-0.4883658747,-0.5878371137,-0.2757382443,-0.3578854229,0.2222504024,-0.2586966966,0.5572576027,-0.5543432191,-0.9789202994,-0.08244191459,0.3988231685,-1.209167347
33.4,-0.4163256143,-0.4883658747,-1.298789419,-0.2757382443,-0.3986892596,0.1670273214,-0.7994027933,1.076607712,-0.4857954016,-1.097048142,-0.0293836219,0.4182648999,-1.361871692
36.2,-0.4120612836,-0.4883658747,-1.298789419,-0.2757382443,-0.3986892596,0.2110285999,-0.5025445441,1.076607712,-0.4857954016,-1.097048142,-0.0293836219,0.4427830833,-1.027042899
28.7,-0.4166185836,-0.4883658747,-1.298789419,-0.2757382443,-0.3986892596,-0.0007090955948,-0.3435133392,1.076607712,-0.4857954016,-1.097048142,-0.0293836219,0.4127564093,-1.043854387
22.9,-0.4098244863,0.04772431686,-0.4715258981,-0.2757382443,-0.1538662393,-0.1241489236,-0.06432522393,0.8386769753,-0.3486997668,-0.5713792408,-0.2357214268,0.4287418329,-0.03236322095
27.1,-0.4032838308,0.04772431686,-0.4715258981,-0.2757382443,-0.1538662393,-0.07689922869,0.978212675,1.023634096,-0.3486997668,-0.5713792408,-0.2357214268,0.4427830833,0.90908008
16.5,-0.3955306079,0.04772431686,-0.4715258981,-0.2757382443,-0.1538662393,-0.2366622597,1.116039719,1.086045268,-0.3486997668,-0.5713792408,-0.2357214268,0.331857205,2.419312042
18.9,-0.4003204232,0.04772431686,-0.4715258981,-0.2757382443,-0.1538662393,-0.1265114084,0.6177419438,1.327912272,-0.3486997668,-0.5713792408,-0.2357214268,0.332721282,0.6218838349
15,-0.393943691,0.04772431686,-0.4715258981,-0.2757382443,-0.1538662393,-0.01636055704,0.914600193,1.21153156,-0.3486997668,-0.5713792408,-0.2357214268,0.3954748704,1.091204528
18.9,-0.406432088,0.04772431686,-0.4715258981,-0.2757382443,-0.1538662393,-0.1250348554,0.5117211405,1.154621677,-0.3486997668,-0.5713792408,-0.2357214268,0.4427830833,0.08531719168
21.7,-0.4091862318,0.04772431686,-0.4715258981,-0.2757382443,-0.1538662393,-0.1604721266,-1.039716614,0.786699282,-0.3486997668,-0.5713792408,-0.2357214268,0.3736569274,0.4271507712
20.4,-0.3468744551,-0.4883658747,-0.4322708628,-0.2757382443,-0.1019340835,-0.142753491,-0.2339585092,0.4341425553,-0.4172475842,-0.5950048095,0.1062097927,0.4427830833,-0.6165624122
18.2,-0.3459211423,-0.4883658747,-0.4322708628,-0.2757382443,-0.1019340835,-0.09934283378,0.568265569,0.3176669943,-0.4172475842,-0.5950048095,0.1062097927,0.2604628472,-0.3363709536
19.9,-0.3471499857,-0.4883658747,-0.4322708628,-0.2757382443,-0.1019340835,-0.1767142093,-0.4212619283,0.3350719336,-0.4172475842,-0.5950048095,0.1062097927,0.4289578521,-0.587142309
23.1,-0.2975614464,-0.4883658747,-0.4322708628,-0.2757382443,-0.1019340835,-0.1468878393,-1.382517211,0.3350719336,-0.4172475842,-0.5950048095,0.1062097927,0.3342334166,-0.8519232374
17.5,-0.3289196231,-0.4883658747,-0.4322708628,-0.2757382443,-0.1019340835,-0.1306457567,0.4693128192,0.2209201928,-0.4172475842,-0.5950048095,0.1062097927,0.3331533205,0.2814512127
20.2,-0.326767694,-0.4883658747,-0.4322708628,-0.2757382443,-0.1019340835,-0.2883416136,-1.124533257,0.002101691735,-0.4172475842,-0.5950048095,0.1062097927,-0.7227487107,-0.1360340606
18.2,-0.3357090701,-0.4883658747,-0.4322708628,-0.2757382443,-0.1019340835,-0.2083124427,0.03816155257,0.002101691735,-0.4172475842,-0.5950048095,0.1062097927,0.3785173603,-0.1934733097
13.6,-0.2745587072,-0.4883658747,-0.4322708628,-0.2757382443,-0.1019340835,-0.2546762059,1.04889321,0.002765640373,-0.4172475842,-0.5950048095,0.1062097927,0.2231995287,1.171059094
19.6,-0.321032704,-0.4883658747,-0.4322708628,-0.2757382443,-0.1019340835,-0.1380285215,0.7343648274,0.1044446318,-0.4172475842,-0.5950048095,0.1062097927,0.39558288,0.1637708001
15.2,-0.2768048051,-0.4883658747,-0.4322708628,-0.2757382443,-0.1019340835,-0.08575854649,0.8227154968,0.0876562162,-0.4172475842,-0.5950048095,0.1062097927,0.4427830833,0.8488389164
14.5,-0.3051763227,-0.4883658747,-0.4322708628,-0.2757382443,-0.1019340835,-0.1829157317,1.116039719,0.1437598761,-0.4172475842,-0.5950048095,0.1062097927,0.4172928133,1.011349962
15.6,-0.3328654079,-0.4883658747,-0.4322708628,-0.2757382443,-0.1019340835,-0.1501362558,0.9075321394,0.2881212799,-0.4172475842,-0.5950048095,0.1062097927,0.4150246113,0.5098072515
13.9,-0.322369667,-0.4883658747,-0.4322708628,-0.2757382443,-0.1019340835,-0.2461121987,0.6106738903,0.3142049764,-0.4172475842,-0.5950048095,0.1062097927,-0.5668908311,0.5392273547
16.6,-0.341974195,-0.4883658747,-0.4322708628,-0.2757382443,-0.1019340835,-0.1829157317,0.773239122,0.4220492051,-0.4172475842,-0.5950048095,0.1062097927,0.2265478269,0.3010646148
14.8,-0.3089732976,-0.4883658747,-0.4322708628,-0.2757382443,-0.1019340835,-0.1138130529,0.7202287203,0.3136358776,-0.4172475842,-0.5950048095,0.1062097927,-0.534919984,0.6471010662
18.4,-0.3302228714,-0.4883658747,-0.4322708628,-0.2757382443,-0.1019340835,0.01848609298,0.9181342198,0.3142524013,-0.4172475842,-0.5950048095,0.1062097927,0.3460064651,0.0194721989
21,-0.3035463904,-0.4883658747,-0.4322708628,-0.2757382443,-0.1019340835,0.07134668919,0.6672183187,0.2119568862,-0.4172475842,-0.5950048095,0.1062097927,0.2627310491,-0.09540629914
12.7,-0.2886235581,-0.4883658747,-0.4322708628,-0.2757382443,-0.1019340835,-0.2124467911,0.9075321394,0.209111392,-0.4172475842,-0.5950048095,0.1062097927,0.04606375429,1.392410346
14.5,-0.262592307,-0.4883658747,-0.4322708628,-0.2757382443,-0.1019340835,-0.106430288,1.116039719,0.1816049484,-0.4172475842,-0.5950048095,0.1062097927,0.2249276826,0.05309517393
13.2,-0.2587244149,-0.4883658747,-0.4322708628,-0.2757382443,-0.1019340835,-0.1424581804,0.4799148996,0.09386887846,-0.4172475842,-0.5950048095,0.1062097927,-1.33181495,2.108299523
13.1,-0.2861926106,-0.4883658747,-0.4322708628,-0.2757382443,-0.1019340835,-0.2159905182,0.9393383804,-0.002308824216,-0.4172475842,-0.5950048095,0.1062097927,0.03094240769,0.7970034966
13.5,-0.2325862068,-0.4883658747,-0.4322708628,-0.2757382443,-0.1019340835,-0.09934283378,1.006484889,-0.01530324755,-0.4172475842,-0.5950048095,0.1062097927,-1.162131839,1.075793998
18.9,-0.4126286209,-0.4883658747,-0.7492189254,-0.2757382443,-0.2466022318,-0.1474784605,-0.007780795513,-0.2047657338,-0.3486997668,-0.7603837897,0.00009320736528,0.4427830833,-0.4176264766
20,-0.4087607288,-0.4883658747,-0.7492189254,-0.2757382443,-0.2466022318,-0.1746470351,-0.2480946163,-0.196418951,-0.3486997668,-0.7603837897,0.00009320736528,0.233892481,-0.1752608648
21,-0.4107719862,-0.4883658747,-0.7492189254,-0.2757382443,-0.2466022318,-0.1719892398,-0.9513659447,0.06740578275,-0.3486997668,-0.7603837897,0.00009320736528,0.4427830833,-0.5451135902
24.7,-0.3997379724,-0.4883658747,-0.7492189254,-0.2757382443,-0.2466022318,-0.1377332109,-1.35071097,0.02619354231,-0.3486997668,-0.7603837897,0.00009320736528,0.4053037457,-0.3545833984
30.8,-0.4168766756,2.728175275,-1.186839874,-0.2757382443,-0.5099724507,0.04801715231,-1.64756922,0.7630816804,-0.4857954016,-0.9198563778,-0.05296508532,0.4290658617,-1.168539586
34.9,-0.41618378,2.728175275,-1.186839874,-0.2757382443,-0.5099724507,0.1747053969,-1.859610826,0.7630816804,-0.4857954016,-0.9198563778,-0.05296508532,0.4289578521,-1.496363592
26.6,-0.4052729992,-0.4883658747,-0.6110993568,-0.2757382443,-0.4357836567,0.09969650616,-2.31550028,0.9147465193,-0.4857954016,-1.032077829,-0.07654654873,0.3186800316,-1.095689806
25.3,-0.4036384166,-0.4883658747,-0.6110993568,-0.2757382443,-0.4357836567,-0.07778516047,-2.184741289,0.9147465193,-0.4857954016,-1.032077829,-0.07654654873,0.2966460694,-0.959796949
24.7,-0.401562055,-0.4883658747,-0.6110993568,-0.2757382443,-0.4357836567,-0.06538211555,-2.188275316,0.9147465193,-0.4857954016,-1.032077829,-0.07654654873,0.4164287364,-0.7314409102
21.2,-0.4058252231,-0.4883658747,-0.6110993568,-0.2757382443,-0.4357836567,-0.1073162198,-1.004376346,0.9147465193,-0.4857954016,-1.032077829,-0.07654654873,0.3616678598,-0.4358389214
19.3,-0.4001599877,-0.4883658747,-0.6110993568,-0.2757382443,-0.4357836567,-0.2216014194,-1.223486006,0.620474998,-0.4857954016,-1.032077829,-0.07654654873,0.4427830833,-0.34337574
20,-0.398190583,-0.4883658747,-0.6110993568,-0.2757382443,-0.4357836567,-0.1908891177,-1.24115614,0.620474998,-0.4857954016,-1.032077829,-0.07654654873,0.4427830833,0.2086014335
16.6,-0.3934344824,-0.4883658747,-0.6110993568,-0.2757382443,-0.4357836567,-0.1188333329,0.6036058367,0.8998076749,-0.4857954016,-1.032077829,-0.07654654873,0.397851082,0.8600465748
14.4,-0.3905745442,-0.4883658747,-0.6110993568,-0.2757382443,-0.4357836567,-0.3051743174,0.9499404608,0.9854570492,-0.4857954016,-1.032077829,-0.07654654873,0.4427830833,2.542596284
19.4,-0.3945389302,-0.4883658747,-0.6110993568,-0.2757382443,-0.4357836567,-0.2452262669,-0.2268904556,1.088701062,-0.4857954016,-1.032077829,-0.07654654873,0.4427830833,0.4957976786
19.7,-0.409773333,0.4122656471,-0.7957434117,-0.2757382443,-0.469168614,-0.1386191427,-0.8029368201,1.433480105,-0.4172475842,-0.9730139072,-0.1413955731,0.4283097944,0.110534423
20.5,-0.4150467801,0.4122656471,-0.7957434117,-0.2757382443,-0.469168614,-0.09373193251,-0.1915501879,1.433480105,-0.4172475842,-0.9730139072,-0.1413955731,0.4111362651,-0.4526504089
25,-0.4138574643,0.4122656471,-0.7957434117,-0.2757382443,-0.469168614,0.02321106247,-1.672307407,1.433480105,-0.4172475842,-0.9730139072,-0.1413955731,0.4427830833,-1.034047686
23.4,-0.4142980808,0.4122656471,-0.7957434117,-0.2757382443,-0.469168614,-0.1282832719,-1.661705327,1.433480105,-0.4172475842,-0.9730139072,-0.1413955731,0.4427830833,-0.5927461382
18.9,-0.4185077704,2.728175275,-1.034181404,-0.2757382443,-0.5767423653,-0.1607674372,-0.7357903113,1.672975864,-0.4857954016,0.3618307193,0.1121051586,0.4427830833,0.2996636575
35.4,-0.4185647367,3.371483504,-1.438362878,-0.2757382443,-0.6027084433,0.2411502804,-1.644035193,2.325969349,-0.3486997668,-1.073422574,-0.07654654873,0.4323061503,-1.099892678
24.7,-0.4176997798,3.157047428,-1.508149607,-0.2757382443,-0.5767423653,-0.01458869348,-1.156339498,2.558825621,-0.5543432191,-0.5595664565,-0.1119187439,0.4427830833,-0.9654007782
31.6,-0.4184240649,3.800355658,-1.423823976,-0.2757382443,-0.5730329256,0.1132807935,-0.9867062124,2.149643561,-0.3486997668,-0.8962308092,-0.2416167926,0.3995792359,-1.220375006
23.3,-0.40213288,0.5838145084,-0.8698918116,-0.2757382443,-0.4172364581,-0.08487261471,-1.386051238,1.907776557,-0.1430563146,-0.730851829,0.02957003663,0.3756011006,-0.8126964332
19.6,-0.4080817841,0.5838145084,-0.8698918116,-0.2757382443,-0.4172364581,-0.1492503241,-0.7499264184,1.489109516,-0.1430563146,-0.730851829,0.02957003663,0.4427830833,-0.482070512
18.7,-0.4027292818,0.5838145084,-0.8698918116,-0.2757382443,-0.4172364581,-0.2041780944,-0.07846133103,1.62825418,-0.1430563146,-0.730851829,0.02957003663,0.4234493616,0.06850570416
16,-0.4001262729,0.5838145084,-0.8698918116,-0.2757382443,-0.4172364581,-0.1377332109,0.882793952,1.435282251,-0.1430563146,-0.730851829,0.02957003663,0.2395089812,0.249229195
22.2,-0.4072691431,0.5838145084,-0.8698918116,-0.2757382443,-0.4172364581,0.006968979833,-0.02191690262,1.628301605,-0.1430563146,-0.730851829,0.02957003663,0.4427830833,-0.830908878
25,-0.4053822814,0.5838145084,-0.8698918116,-0.2757382443,-0.4172364581,0.09733402141,-0.8842194359,1.98654932,-0.1430563146,-0.730851829,0.02957003663,0.4285258137,-0.4428437078
33,-0.4178206877,0.2621603935,-1.415100635,-0.2757382443,-0.5541147832,0.1983302443,-0.315241125,2.575566612,-0.4857954016,-1.132486495,-0.03527898776,0.4032515629,-0.6459825153
23.5,-0.4159222002,2.942611351,-1.125776486,-0.2757382443,-0.6212556418,-0.04205257867,-1.788930291,1.337112703,-0.4172475842,-0.4178130449,-0.1826631341,0.4427830833,-1.11950608
19.4,-0.4149979519,2.942611351,-1.125776486,-0.2757382443,-0.6212556418,-0.1905938071,-1.318904729,1.337112703,-0.4172475842,-0.4178130449,-0.1826631341,0.4427830833,-0.3391728681
22,-0.413358719,0.04772431686,-0.7332261332,-0.2757382443,-0.580451805,-0.1637205431,-1.661705327,1.283285438,-0.4172475842,-0.3705619077,-0.0175928902,0.4353304196,-0.6389777289
17.4,-0.4043313123,0.04772431686,-0.7332261332,-0.2757382443,-0.580451805,-0.2475887517,-1.117465203,1.283285438,-0.4172475842,-0.3705619077,-0.0175928902,0.4427830833,0.0600999604
20.9,-0.4051892937,0.04772431686,-0.7332261332,-0.2757382443,-0.580451805,-0.161653369,-1.251758221,1.283285438,-0.4172475842,-0.3705619077,-0.0175928902,0.4427830833,-0.5423116756
24.2,-0.4098279741,-0.4883658747,-0.04408218059,-0.2757382443,-0.5656140462,-0.004548133309,-2.184741289,0.7091121412,-0.4172475842,-0.6068175938,0.00009320736528,0.3005344156,-0.8323098353
21.7,-0.4016318096,-0.4883658747,-0.04408218059,-0.2757382443,-0.5656140462,-0.1392097639,-1.799532371,0.7091121412,-0.4172475842,-0.6068175938,0.00009320736528,0.2271958846,-0.3896073307
22.8,-0.4094350232,-0.4883658747,-0.04408218059,-0.2757382443,-0.5656140462,-0.1084974622,-2.142332968,0.7091121412,-0.4172475842,-0.6068175938,0.00009320736528,0.3780853218,-1.000424711
23.4,-0.3973732917,-0.4883658747,-0.04408218059,-0.2757382443,-0.5656140462,-0.05534155537,-2.198877397,0.7091121412,-0.4172475842,-0.6068175938,0.00009320736528,0.2296801059,-0.7174313373
24.1,-0.4109091703,-0.4883658747,0.2496036389,-0.2757382443,-0.4765874934,-0.04707285876,-2.20594545,0.217884999,-0.3486997668,-0.05752312357,-0.0293836219,0.4213971788,-0.8239040916
21.4,-0.4090304466,-0.4883658747,0.2496036389,-0.2757382443,-0.4765874934,-0.04323382104,-0.8276750075,0.3369689297,-0.3486997668,-0.05752312357,-0.0293836219,0.2951339347,-0.5212973163
20,-0.408285235,-0.4883658747,0.2496036389,-0.2757382443,-0.4765874934,-0.0453009952,0.2148628914,0.1233671679,-0.3486997668,-0.05752312357,-0.0293836219,0.1917687297,-0.09680725643
20.8,-0.4099663207,-0.4883658747,0.2496036389,-0.2757382443,-0.4765874934,-0.08634916768,-0.7994027933,0.1415309057,-0.3486997668,-0.05752312357,-0.0293836219,0.3354215224,-0.3349699963
21.2,-0.4135249674,-0.4883658747,0.2496036389,-0.2757382443,-0.4765874934,-0.05918059308,-0.520214678,0.579547307,-0.3486997668,-0.05752312357,-0.0293836219,0.3293729838,-0.04497183659
20.3,-0.4103383452,-0.4883658747,0.2496036389,-0.2757382443,-0.4765874934,-0.1649017855,-1.124533257,0.3369689297,-0.3486997668,-0.05752312357,-0.0293836219,0.4337102753,-0.4988819996
28,-0.4153071973,0.5838145084,-0.9091468469,-0.2757382443,-0.5173913301,0.08699815064,-1.234088087,0.7628919808,-0.4172475842,-0.7485710054,-0.01169752434,0.4427830833,-1.032646728
23.9,-0.4149014581,0.5838145084,-0.9091468469,-0.2757382443,-0.5173913301,0.05510460655,0.06996779356,0.7628919808,-0.4172475842,-0.7485710054,-0.01169752434,0.4290658617,-0.7622619707
24.8,-0.415835007,0.5838145084,-0.9091468469,-0.2757382443,-0.5173913301,-0.03850885155,-1.280030435,0.7628919808,-0.4172475842,-0.7485710054,-0.01169752434,0.4427830833,-0.8323098353
22.9,-0.4159605653,0.5838145084,-0.9091468469,-0.2757382443,-0.5173913301,-0.07837578165,-0.7675965523,0.7628919808,-0.4172475842,-0.7485710054,-0.01169752434,0.3751690621,-0.7216342092
23.9,-0.4142073999,-0.4883658747,-0.9629407841,-0.2757382443,-0.432074217,-0.01281682992,-0.7216542042,0.4682410604,-0.4857954016,-0.9493883386,-0.04117435361,0.4427830833,-0.4260322203
26.6,-0.4134214981,-0.4883658747,-0.9629407841,-0.2757382443,-0.432074217,0.05835302308,-0.4353980354,0.3061901678,-0.4857954016,-0.9493883386,-0.04117435361,0.3930986588,-0.8589280239
22.5,-0.4140574275,-0.4883658747,-0.9629407841,-0.2757382443,-0.432074217,-0.1232629918,-0.8241409807,0.3012105531,-0.4857954016,-0.9493883386,-0.04117435361,0.432954208,0.02787794266
22.2,-0.4117752898,-0.4883658747,-0.9629407841,-0.2757382443,-0.432074217,-0.09196006895,-0.410659848,-0.02108908568,-0.4857954016,-0.9493883386,-0.04117435361,0.4238814001,-0.5913451809
23.6,-0.4135086914,-0.4883658747,-1.119960925,-0.2757382443,-0.2836966289,0.1696851168,0.6318780509,-0.1756468436,-0.5543432191,-0.8135413191,-0.08244191459,0.4427830833,-1.003226625
28.7,-0.4139248938,-0.4883658747,-1.119960925,-0.2757382443,-0.2836966289,0.1909474795,-0.1880161611,-0.1790614366,-0.5543432191,-0.8135413191,-0.08244191459,0.4337102753,-0.9752074792
22.6,-0.4146433661,-0.4883658747,-1.119960925,-0.2757382443,-0.2836966289,-0.004548133309,-0.08199535781,-0.3318644731,-0.5543432191,-0.8135413191,-0.08244191459,0.3918025433,-0.5395097611
22,-0.4155176236,-0.4883658747,-1.119960925,-0.2757382443,-0.2836966289,-0.008091860429,0.1936587307,-0.3319593229,-0.5543432191,-0.8135413191,-0.08244191459,0.4065998611,-0.6249681559
22.9,-0.4152025654,0.7124761544,0.5709133721,-0.2757382443,-0.3764326214,0.002834631526,-0.5237487048,-0.05983523119,-0.4172475842,-0.8135413191,-0.05886045117,0.4223692654,-0.6305719851
25,-0.416746467,0.7124761544,0.5709133721,-0.2757382443,-0.3764326214,-0.06538211555,-1.396653318,-0.05983523119,-0.4172475842,-0.8135413191,-0.05886045117,0.436626535,-0.9037586573
20.6,-0.4150967709,0.7124761544,0.5709133721,-0.2757382443,-0.3764326214,-0.054160313,0.3138156411,-0.08397450666,-0.4172475842,-0.8135413191,-0.05886045117,0.4427830833,-0.2901393629
28.4,-0.4059007906,-0.4883658747,-1.195563215,-0.2757382443,-0.4469119758,0.05687647011,-0.3753195802,-0.1407895401,-0.5543432191,-0.7781029662,-0.07065118288,0.02240964782,-0.8421165364
21.4,-0.4067145941,-0.4883658747,-1.195563215,-0.2757382443,-0.4469119758,-0.07955702403,0.04169557935,-0.1407895401,-0.5543432191,-0.7781029662,-0.07065118288,0.3880222067,-0.1850675659
38.7,-0.4060414623,-0.4883658747,-1.195563215,-0.2757382443,-0.4469119758,0.483304967,0.267873293,-0.1407895401,-0.5543432191,-0.7781029662,-0.07065118288,0.4427830833,-1.183950116
43.8,-0.4105708605,-0.4883658747,-1.195563215,-0.2757382443,-0.4469119758,0.4097726292,-1.113931176,-0.1407895401,-0.5543432191,-0.7781029662,-0.07065118288,0.4063838418,-1.273611383
33.2,-0.4121135995,-0.4883658747,-1.195563215,-0.2757382443,-0.4469119758,0.2904671495,-0.2092203217,-0.1407895401,-0.5543432191,-0.7781029662,-0.07065118288,0.4427830833,-0.9065605719
27.5,-0.4028060118,-0.4883658747,-0.3712074746,-0.2757382443,-0.1687039981,0.08699815064,0.4057003373,-0.481015792,-0.3486997668,-0.1402126137,0.1003144269,0.4196690249,-0.4540513662
26.5,-0.4067982996,-0.4883658747,-0.3712074746,-0.2757382443,-0.1687039981,0.1029449227,0.1017740345,-0.4438820932,-0.3486997668,-0.1402126137,0.1003144269,0.4285258137,-0.6992188925
18.6,-0.3934937739,-0.4883658747,-0.3712074746,-0.2757382443,-0.1687039981,-0.008091860429,0.6000718099,-0.5109409056,-0.3486997668,-0.1402126137,0.1003144269,-3.079410578,-0.2845355337
19.3,-0.3954875926,-0.4883658747,-0.3712074746,-0.2757382443,-0.1687039981,-0.08723509946,0.6707523455,-0.5109409056,-0.3486997668,-0.1402126137,0.1003144269,0.416536746,0.1091334657
20.1,-0.4038593062,-0.4883658747,-0.3712074746,-0.2757382443,-0.1687039981,-0.07837578165,0.7626370416,-0.6502278449,-0.3486997668,-0.1402126137,0.1003144269,0.3973110339,-0.04637279388
19.5,-0.4046707846,-0.4883658747,-0.3712074746,-0.2757382443,-0.1687039981,-0.1716939292,0.9994168356,-0.7991894642,-0.3486997668,-0.1402126137,0.1003144269,0.412000342,0.5336235255
19.5,-0.4001855644,-0.4883658747,-0.3712074746,-0.2757382443,-0.1687039981,-0.1761235881,0.8297835504,-0.7498201405,-0.3486997668,-0.1402126137,0.1003144269,0.4294979002,0.8404331727
20.4,-0.4048393582,-0.4883658747,-0.3712074746,-0.2757382443,-0.1687039981,-0.09018820539,0.5930037564,-0.7918386043,-0.3486997668,-0.1402126137,0.1003144269,0.3433062246,0.2001956897
19.8,-0.4052055698,-0.4883658747,-0.3712074746,-0.2757382443,-0.1687039981,0.01228457051,1.013552943,-0.6445842815,-0.3486997668,-0.1402126137,0.1003144269,0.4248534866,-0.05477853764
19.4,-0.3894398695,-0.4883658747,-0.3712074746,-0.2757382443,-0.1687039981,-0.06006652486,0.8050453629,-0.5913735406,-0.3486997668,-0.1402126137,0.1003144269,0.3815416296,0.4047354545
21.7,-0.407541186,-0.4883658747,-0.3712074746,-0.2757382443,-0.1687039981,-0.07010708504,-0.4954764906,-0.481015792,-0.3486997668,-0.1402126137,0.1003144269,0.4059518034,0.04749134476
22.8,-0.4083654528,-0.4883658747,-0.1603933962,-0.2757382443,-0.06854912613,0.08345442352,0.4657787925,-0.5285829695,-0.2801519494,0.1432942096,-0.08244191459,0.4286338233,-0.3503805265
18.8,-0.4057554685,-0.4883658747,-0.1603933962,-0.2757382443,-0.06854912613,-0.1533846724,0.8651238181,-0.6822870791,-0.2801519494,0.1432942096,-0.08244191459,0.4217212077,0.4971986359
18.7,-0.3942657247,-0.4883658747,-0.1603933962,-0.2757382443,-0.06854912613,-0.1005240762,0.9534744875,-0.5899982184,-0.2801519494,0.1432942096,-0.08244191459,0.4427830833,0.6204828777
18.5,-0.4035442479,-0.4883658747,-0.1603933962,-0.2757382443,-0.06854912613,-0.05268376003,0.5576634886,-0.7282418098,-0.2801519494,0.1432942096,-0.08244191459,0.3546472346,-0.309752765
18.3,-0.4001692883,-0.4883658747,-0.1603933962,-0.2757382443,-0.06854912613,-0.1489550135,0.6990245597,-0.6302619608,-0.2801519494,0.1432942096,-0.08244191459,-0.1187589237,0.4341555577
21.2,-0.4047916926,-0.4883658747,-0.1603933962,-0.2757382443,-0.06854912613,-0.07571798631,0.1441823558,-0.5036374706,-0.2801519494,0.1432942096,-0.08244191459,0.4038996206,-0.08700055538
19.2,-0.4025362941,-0.4883658747,-0.1603933962,-0.2757382443,-0.06854912613,-0.1214911283,0.5011190602,-0.4954329625,-0.2801519494,0.1432942096,-0.08244191459,0.4169687845,-0.3307671244
20.4,-0.4049079502,-0.4883658747,-0.1603933962,-0.2757382443,-0.06854912613,-0.1654924067,0.1653865165,-0.6234327748,-0.2801519494,0.1432942096,-0.08244191459,-0.1865889641,0.3795182232
19.3,-0.4032594167,-0.4883658747,-0.1603933962,-0.2757382443,-0.06854912613,-0.2071312004,-0.1138015988,-0.4898368239,-0.2801519494,0.1432942096,-0.08244191459,0.3844578893,0.1329497396
22,-0.4120682591,-0.4883658747,2.113490869,-0.2757382443,0.05757182374,-0.1660830279,0.04522960613,-0.727672711,-0.5543432191,-1.297865476,-0.005802158489,0.3590756289,0.2394224939
20.3,-0.4117590137,-0.4883658747,2.113490869,-0.2757382443,0.05757182374,-0.1265114084,0.5541294619,-0.7562699273,-0.5543432191,-1.297865476,-0.005802158489,0.2350805868,0.225412921
20.5,-0.4092780754,-0.4883658747,2.113490869,-0.2757382443,0.05757182374,-0.1392097639,0.8651238181,-0.8086744448,-0.5543432191,-1.297865476,-0.005802158489,0.2396169908,0.7381632903
17.3,-0.4026060487,-0.4883658747,2.113490869,-0.2757382443,0.05757182374,-0.1702173762,1.010018916,-0.8762549311,-0.5543432191,-1.297865476,-0.005802158489,0.1555855075,1.786079346
18.8,-0.4086386583,-0.4883658747,2.113490869,-0.2757382443,0.05757182374,-0.1634252325,0.9676105946,-0.8468989164,-0.5543432191,-1.297865476,-0.005802158489,0.2535502316,0.689129785
21.4,-0.400439006,-0.4883658747,2.113490869,-0.2757382443,0.05757182374,-0.1318269991,0.7060926132,-0.8532538533,-0.5543432191,-1.297865476,-0.005802158489,0.3144676564,0.3010646148
15.7,-0.3750564727,-0.4883658747,2.113490869,-0.2757382443,0.05757182374,-0.2419778504,0.9605425411,-0.965034349,-0.5543432191,-1.297865476,-0.005802158489,0.03655890785,2.045256445
16.2,-0.3899607038,-0.4883658747,1.566828156,-0.2757382443,0.2170777309,-0.2183530029,0.9746786482,-0.9502852042,-0.4172475842,0.1728261704,0.1180005244,0.391046476,0.6344924506
18,-0.3822551465,-0.4883658747,1.566828156,-0.2757382443,0.2170777309,-0.0004137850014,1.073631398,-0.9388083778,-0.4172475842,0.1728261704,0.1180005244,0.4427830833,0.3823201378
14.3,-0.3176368179,-0.4883658747,1.566828156,-0.2757382443,0.2170777309,-0.2348903961,0.9287363001,-0.8594190907,-0.4172475842,0.1728261704,0.1180005244,0.4427830833,0.7956025393
19.2,-0.3805542971,-0.4883658747,1.566828156,-0.2757382443,0.2170777309,0.00755960102,1.077165425,-0.7936881755,-0.4172475842,0.1728261704,0.1180005244,0.4226932943,-0.008546946964
19.6,-0.2814004701,-0.4883658747,1.566828156,-0.2757382443,0.2170777309,-0.03142139731,1.034757103,-0.7213651989,-0.4172475842,0.1728261704,0.1180005244,0.4427830833,-0.05617949493
23,-0.3514910464,-0.4883658747,1.566828156,-0.2757382443,0.2170777309,-0.01783711001,1.041825157,-0.6946175538,-0.4172475842,0.1728261704,0.1180005244,0.3224603682,-0.2158886263
18.4,-0.3817447755,-0.4883658747,1.566828156,-0.2757382443,0.2170777309,-0.1802579364,0.9534744875,-0.6270370675,-0.4172475842,0.1728261704,0.1180005244,0.3541071865,0.3318856753
15.6,-0.3066016415,-0.4883658747,1.566828156,-0.2757382443,0.2170777309,-0.1994531249,1.059495291,-0.6857965219,-0.4172475842,0.1728261704,0.1180005244,-1.00605794,0.6513039381
18.1,-0.3552426809,-0.4883658747,1.566828156,-0.2757382443,0.2170777309,-0.02876360197,1.052427237,-0.7973873179,-0.4172475842,0.1728261704,0.1180005244,0.4186969384,0.6022704328
17.4,-0.3825795054,-0.4883658747,1.566828156,-0.2757382443,0.2170777309,-0.1448206652,0.8863279788,-0.865584328,-0.4172475842,0.1728261704,0.1180005244,0.2413451447,0.5938646891
17.1,-0.3791278157,-0.4883658747,1.566828156,-0.2757382443,0.2170777309,0.006378358646,1.059495291,-0.9211188891,-0.4172475842,0.1728261704,0.1180005244,0.4123243709,0.2702435544
13.3,-0.3910477128,-0.4883658747,1.566828156,-0.2757382443,0.2170777309,-0.1699220656,1.052427237,-1.007052813,-0.4172475842,0.1728261704,0.1180005244,0.3902904087,1.213087813
17.8,-0.3567842574,-0.4883658747,1.566828156,-0.2757382443,0.2170777309,-0.08310075115,1.041825157,-1.007005388,-0.4172475842,0.1728261704,0.1180005244,0.4427830833,0.8124140268
14,-0.3862695233,-0.4883658747,1.566828156,-0.2757382443,0.2170777309,-0.0763086075,0.8898620056,-1.033942733,-0.4172475842,0.1728261704,0.1180005244,0.3475185997,1.610959684
14.4,-0.2307470108,-0.4883658747,1.566828156,-0.2757382443,0.2170777309,-0.4173923429,1.116039719,-1.11575069,-0.4172475842,0.1728261704,0.1180005244,0.4427830833,3.046940909
13.4,-0.03399139646,-0.4883658747,1.230979521,3.646437328,1.133309337,-0.303993075,1.116039719,-1.171617225,-0.3486997668,-0.02799116281,-0.2651982561,0.4427830833,1.983614324
15.6,0.05626523234,-0.4883658747,1.230979521,-0.2757382443,1.133309337,-0.2847978864,1.116039719,-1.128839963,-0.3486997668,-0.02799116281,-0.2651982561,0.4427830833,1.927576032
11.8,-0.09692282654,-0.4883658747,1.230979521,-0.2757382443,1.133309337,-0.4516483717,1.03829113,-1.160092974,-0.3486997668,-0.02799116281,-0.2651982561,0.4427830833,2.329650775
13.8,-0.1434723907,-0.4883658747,1.230979521,-0.2757382443,1.133309337,-0.08930227361,1.116039719,-1.125377945,-0.3486997668,-0.02799116281,-0.2651982561,-1.976524363,2.120908139
15.6,-0.1695478197,-0.4883658747,1.230979521,-0.2757382443,1.133309337,-0.2375481915,1.116039719,-1.079138665,-0.3486997668,-0.02799116281,-0.2651982561,-2.015839864,0.5588407568
14.6,-0.1447186728,-0.4883658747,1.230979521,-0.2757382443,1.133309337,-0.444856228,0.9640765679,-1.105601761,-0.3486997668,-0.02799116281,-0.2651982561,0.3867260913,2.36327375
17.8,-0.1490934483,-0.4883658747,1.230979521,-0.2757382443,1.133309337,-0.3680754738,0.8969300591,-1.072973428,-0.3486997668,-0.02799116281,-0.2651982561,0.01171669558,2.193757918
15.4,-0.1022439393,-0.4883658747,1.230979521,-0.2757382443,1.133309337,-0.2467028199,0.9358043536,-1.074822999,-0.3486997668,-0.02799116281,-0.2651982561,-0.04380024837,1.231300257
21.5,-0.2274964468,-0.4883658747,1.230979521,-0.2757382443,1.133309337,-0.09166475836,1.020620996,-1.031049814,-0.3486997668,-0.02799116281,-0.2651982561,0.1824799025,0.201596647
19.6,-0.2461302234,-0.4883658747,1.230979521,-0.2757382443,1.133309337,-0.3036977644,1.116039719,-1.043569988,-0.3486997668,-0.02799116281,-0.2651982561,-0.1545101074,0.08671814897
15.3,-0.289115328,-0.4883658747,1.230979521,3.646437328,1.133309337,-0.419459517,0.6919565061,-1.034748956,-0.3486997668,-0.02799116281,-0.2651982561,-0.1363644915,-0.07579289703
19.4,-0.1702302521,-0.4883658747,1.230979521,-0.2757382443,1.133309337,-0.2136280334,1.063029318,-1.028583719,-0.3486997668,-0.02799116281,-0.2651982561,-1.014806719,0.4383584295
17,-0.255717992,-0.4883658747,1.230979521,3.646437328,1.133309337,-0.0895975842,0.9746786482,-0.9687334914,-0.3486997668,-0.02799116281,-0.2651982561,-0.3767939024,0.3444942909
15.6,-0.009116909055,-0.4883658747,1.230979521,3.646437328,1.133309337,-0.08280544056,0.5011190602,-0.9705830626,-0.3486997668,-0.02799116281,-0.2651982561,-2.893526025,0.330484718
13.1,-0.1356436004,-0.4883658747,1.230979521,-0.2757382443,1.133309337,-0.3426787627,0.9039981127,-0.9748987287,-0.3486997668,-0.02799116281,-0.2651982561,-2.886829428,0.4873919348
41.3,-0.2778383356,-0.4883658747,1.230979521,-0.2757382443,0.1465983766,0.1507852388,1.024155023,-0.9080770408,-0.3486997668,-0.02799116281,-0.2651982561,0.08127488994,-1.130713739
24.3,-0.2639734479,-0.4883658747,1.230979521,-0.2757382443,0.1465983766,-0.1082021516,1.116039719,-0.9649869241,-0.3486997668,-0.02799116281,-0.2651982561,-0.02176628618,-0.8729375968
23.3,-0.254419394,-0.4883658747,1.230979521,-0.2757382443,1.133309337,0.02291575188,1.116039719,-0.9609083824,-0.3486997668,-0.02799116281,-0.2651982561,0.09077973638,-0.7384456967
27,-0.2720394039,-0.4883658747,1.230979521,3.646437328,0.1465983766,-0.0538650024,0.8545217378,-0.9454952891,-0.3486997668,-0.02799116281,-0.2651982561,-0.1834566852,-1.003226625
50,-0.2499620756,-0.4883658747,1.230979521,-0.2757382443,0.1465983766,0.3120248228,0.7909092558,-0.8636873319,-0.3486997668,-0.02799116281,-0.2651982561,0.2000854704,-1.531387525
50,-0.2068990784,-0.4883658747,1.230979521,3.646437328,0.1465983766,0.4044570385,1.052427237,-0.8305847498,-0.3486997668,-0.02799116281,-0.2651982561,0.3640440714,-1.504769336
50,-0.2434911747,-0.4883658747,1.230979521,3.646437328,0.1465983766,0.5736700085,0.9004640859,-0.7730583429,-0.3486997668,-0.02799116281,-0.2651982561,0.3515149556,-1.308635315
22.7,-0.159397364,-0.4883658747,1.230979521,-0.2757382443,0.1465983766,-0.1708079974,0.8262495236,-0.6497535958,-0.3486997668,-0.02799116281,-0.2651982561,0.4234493616,-0.1430388471
25,-0.08015149753,-0.4883658747,1.230979521,-0.2757382443,0.1465983766,-0.09786628082,0.8686578449,-0.715484511,-0.3486997668,-0.02799116281,-0.2651982561,-1.250159678,-0.3994140317
50,-0.1863889033,-0.4883658747,1.230979521,-0.2757382443,0.1465983766,0.4419614839,0.9817467017,-0.8281186549,-0.3486997668,-0.02799116281,-0.2651982561,0.144676536,-1.255398938
23.8,-0.2107925472,-0.4883658747,1.230979521,-0.2757382443,0.1465983766,-0.1640158537,0.3809621498,-0.6479040246,-0.3486997668,-0.02799116281,-0.2651982561,-1.38571175,-0.07299098245
23.8,-0.1526497699,-0.4883658747,1.230979521,-0.2757382443,0.1465983766,-0.03348857146,0.978212675,-0.8024617825,-0.3486997668,-0.02799116281,-0.2651982561,-0.6352609197,-0.2186905409
22.3,-0.1353122661,-0.4883658747,1.230979521,-0.2757382443,0.1465983766,-0.00897779221,0.946406434,-0.7253963156,-0.3486997668,-0.02799116281,-0.2651982561,-0.2793692265,-0.1878694805
17.4,-0.2797170593,-0.4883658747,1.230979521,-0.2757382443,0.1465983766,-0.1646064749,0.9252022733,-0.6479040246,-0.3486997668,-0.02799116281,-0.2651982561,-0.6871055366,0.2478282377
19.1,-0.1510802915,-0.4883658747,1.230979521,-0.2757382443,0.1465983766,-0.163129922,1.020620996,-0.6655460884,-0.3486997668,-0.02799116281,-0.2651982561,-0.08397982648,-0.08840151267
23.1,-0.4039127847,-0.4883658747,-1.026911953,-0.2757382443,-0.2057983951,-0.2540855847,0.70962664,-0.5671868402,-0.3486997668,-0.6599751231,-0.1531863048,0.4427830833,0.2842531273
23.6,-0.4094187471,-0.4883658747,-1.026911953,-0.2757382443,-0.2057983951,-0.004843443902,0.5541294619,-0.5433795391,-0.3486997668,-0.6599751231,-0.1531863048,0.4276617367,-0.5072877433
22.6,-0.4102685906,-0.4883658747,-1.026911953,-0.2757382443,-0.2057983951,-0.1693314444,0.009889338366,-0.5170112932,-0.3486997668,-0.6599751231,-0.1531863048,0.4031435533,-0.4232303057
29.4,-0.4123414645,-0.4883658747,-1.026911953,-0.2757382443,-0.2057983951,0.03354693324,-1.248224194,-0.312894512,-0.3486997668,-0.6599751231,-0.1531863048,0.3786253699,-1.027042899
23.2,-0.4119252621,-0.4883658747,-1.026911953,-0.2757382443,-0.2057983951,-0.1217864389,-0.7499264184,-0.1124768732,-0.3486997668,-0.6599751231,-0.1531863048,0.4031435533,-0.357385313
24.6,-0.4137818969,-0.4883658747,-1.026911953,-0.2757382443,-0.2057983951,-0.03466981383,0.1759885968,-0.2250635922,-0.3486997668,-0.6599751231,-0.1531863048,0.4287418329,-0.8925509989
29.9,-0.4123670412,-0.4883658747,-1.026911953,-0.2757382443,-0.2057983951,0.1262744596,0.2113288646,-0.4158065508,-0.3486997668,-0.6599751231,-0.1531863048,0.3819736681,-0.8042906895
37.2,-0.4133691822,-0.4883658747,-1.258080494,-0.2757382443,-0.2874060686,0.1617117308,-0.3541154195,-0.4567342419,-0.4857954016,-1.268333515,-0.08244191459,0.4427830833,-1.067670661
39.8,-0.4124298204,-0.4883658747,-1.258080494,-0.2757382443,-0.2874060686,0.3935305466,0.5258572476,-0.4984681562,-0.4857954016,-1.268333515,-0.08244191459,0.4283097944,-0.7146294227
36.2,-0.4120810474,-0.4883658747,-1.258080494,-0.2757382443,-0.2874060686,-0.0851679253,-0.2198224021,-0.566333192,-0.4857954016,-1.268333515,-0.08244191459,0.4427830833,-0.4498484943
37.9,-0.4095059404,-0.4883658747,-1.258080494,-0.2757382443,-0.2874060686,0.2133910846,0.8403856307,-0.5176278169,-0.4857954016,-1.268333515,-0.08244191459,0.4127564093,-1.098491721
32.5,-0.4084538086,-0.4883658747,-1.258080494,-0.2757382443,-0.2874060686,0.03856721333,0.9605425411,-0.4481977594,-0.4857954016,-1.268333515,-0.08244191459,0.4427830833,-0.9780093938
26.4,-0.4104301887,-0.4883658747,-1.258080494,-0.2757382443,-0.2874060686,-0.2446356457,0.7555689881,-0.3813760715,-0.4857954016,-1.268333515,-0.08244191459,0.3790574083,0.1847851595
29.6,-0.4130587743,-0.4883658747,-1.258080494,-0.2757382443,-0.2874060686,-0.08251012996,0.01342336514,-0.2429902054,-0.4857954016,-1.268333515,-0.08244191459,0.3370416667,0.06850570416
50,-0.4135761208,-0.4883658747,-1.258080494,-0.2757382443,-0.2874060686,0.4130210457,-0.5237487048,-0.2811672521,-0.4857954016,-1.268333515,-0.08244191459,0.3966629762,-1.150327141
32,-0.4109335844,1.441558815,-1.115599255,-0.2757382443,-0.4765874934,0.1032402333,-0.9655020518,-0.001644875578,-0.3486997668,-0.05752312357,-0.2357214268,0.4100561689,-0.8379136645
29.8,-0.4054648244,1.441558815,-1.115599255,-0.2757382443,-0.4765874934,0.03650003917,-1.389585265,0.3673682923,-0.3486997668,-0.05752312357,-0.2357214268,0.2909215596,-1.134916611
34.9,-0.410358109,1.441558815,-1.115599255,-0.2757382443,-0.4765874934,0.2222504024,-1.043250641,0.3673682923,-0.3486997668,-0.05752312357,-0.2357214268,0.4427830833,-1.018637155
37,-0.4095466306,1.441558815,-1.115599255,-0.2757382443,-0.4765874934,0.1531477236,-1.6581713,1.274654106,-0.3486997668,-0.05752312357,-0.2357214268,0.2351885964,-1.059264917
30.5,-0.4120543081,1.441558815,-1.115599255,-0.2757382443,-0.4765874934,0.09054187776,-1.32950681,1.274654106,-0.3486997668,-0.05752312357,-0.2357214268,0.3651241676,-1.116704166
36.4,-0.4100163115,1.441558815,-1.115599255,-0.2757382443,-0.4765874934,0.2201832283,-1.488538015,1.274654106,-0.3486997668,-0.05752312357,-0.2357214268,0.3735489178,-1.371678393
31.1,-0.4175463197,2.084867045,-1.189747655,-0.2757382443,-0.6101273227,0.108555824,-2.068118406,1.151254509,-0.6228910365,-0.8430732799,-0.2121399634,0.404655688,-1.069071618
29.1,-0.4184159269,2.084867045,-1.189747655,-0.2757382443,-0.6101273227,0.05067494765,-1.753590023,1.151254509,-0.6228910365,-0.8430732799,-0.2121399634,0.2246036538,-1.160133842
50,-0.4184833563,2.942611351,-1.548858533,-0.2757382443,-0.5322290889,0.4260147118,-1.287098488,0.8803634648,-0.4172475842,-0.9021372014,-0.2828843536,0.4139445151,-1.35766882
33.3,-0.4154257801,2.942611351,-1.394746172,-0.2757382443,-0.5989990036,0.2523720829,-1.212883926,1.667901399,-0.5543432191,-0.4650641821,-0.389000939,0.4427830833,-1.202162561
30.3,-0.4146642924,2.942611351,-1.394746172,-0.2757382443,-0.5989990036,0.1992161761,-1.124533257,1.667901399,-0.5543432191,-0.4650641821,-0.389000939,-0.0172298822,-0.5675289069
34.6,-0.4157082862,2.942611351,-1.394746172,-0.2757382443,-0.5989990036,0.2485330452,-1.064454802,1.667901399,-0.5543432191,-0.4650641821,-0.389000939,0.3920185626,-0.8463194083
34.9,-0.4164267585,3.585919581,-1.402015623,-0.2757382443,-0.6027084433,0.1602351778,-1.87728096,1.831232764,-0.4857954016,-0.03389755496,-0.1296048414,0.4427830833,-1.134916611
32.9,-0.4180218135,3.585919581,-1.402015623,-0.2757382443,-0.6027084433,0.2074848727,-1.926757335,1.831232764,-0.4857954016,-0.03389755496,-0.1296048414,0.3066909639,-1.150327141
24.1,-0.4160837984,3.049829389,-1.320597772,-0.2757382443,-0.5581951668,-0.07985233462,-1.060920775,1.17515666,-0.5543432191,-0.3528427312,-0.2651982561,0.4089760727,-0.7328418675
42.3,-0.4175579454,3.049829389,-1.320597772,-0.2757382443,-0.5581951668,0.3477574046,-1.863144853,1.17515666,-0.5543432191,-0.3528427312,-0.2651982561,0.4263656213,-1.338055418
48.5,-0.4160082309,3.585919581,-1.22609491,-0.2757382443,-0.5541147832,0.4195178788,-1.244690167,0.6288217809,-0.4172475842,-1.085235358,-0.2651982561,0.3982831205,-1.239988408
50,-0.4177532583,3.585919581,-1.22609491,-0.2757382443,-0.5541147832,0.4729690962,-1.290632515,0.6288217809,-0.4172475842,-1.085235358,-0.2651982561,0.3741969755,-1.370277436
22.6,-0.4042290055,-0.4883658747,-0.07606776489,-0.2757382443,-0.2836966289,-0.1598815054,-1.629899086,0.07271737185,-0.4172475842,-0.772196574,-0.03527898776,0.4427830833,-0.2509125587
24.4,-0.3933856542,-0.4883658747,-0.07606776489,-0.2757382443,-0.2836966289,-0.03142139731,-0.5626229993,0.2669223484,-0.4172475842,-0.772196574,-0.03527898776,0.4208571307,-0.2369029857
22.5,-0.3907931086,-0.4883658747,-0.07606776489,-0.2757382443,-0.2836966289,-0.1917750495,0.1512504094,0.2669223484,-0.4172475842,-0.772196574,-0.03527898776,0.3620998982,0.7563757351
24.4,-0.4042929472,-0.4883658747,-0.07606776489,3.646437328,-0.2836966289,-0.1087927728,-0.3293772321,0.212051736,-0.4172475842,-0.772196574,-0.03527898776,0.2745040976,0.2800502554
20,-0.3694342526,-0.4883658747,-0.07606776489,3.646437328,-0.2836966289,-0.3214164,1.116039719,0.03933024035,-0.4172475842,-0.772196574,-0.03527898776,0.4427830833,1.461057254
21.7,-0.3998065644,-0.4883658747,-0.07606776489,3.646437328,-0.2836966289,-0.1395050745,0.8368516039,0.04032616331,-0.4172475842,-0.772196574,-0.03527898776,0.4033595725,0.6457001089
19.3,-0.3764015737,-0.4883658747,-0.07606776489,3.646437328,-0.2836966289,-0.3036977644,0.7131606668,-0.06026205531,-0.4172475842,-0.772196574,-0.03527898776,0.4248534866,1.585742453
22.4,-0.3948388749,-0.4883658747,-0.07606776489,3.646437328,-0.2836966289,-0.1846875953,-0.5166806512,-0.06614274325,-0.4172475842,-0.772196574,-0.03527898776,0.3784093506,0.4719814046
28.1,-0.4037523491,-0.4883658747,-0.07606776489,-0.2757382443,-0.2836966289,-0.01695117823,-1.276496408,0.07271737185,-0.4172475842,-0.772196574,-0.03527898776,0.3230004163,-0.4596551954
23.7,-0.3864264711,-0.4883658747,-0.07606776489,-0.2757382443,-0.2836966289,-0.3013352797,-2.071652433,-0.0970163549,-0.4172475842,-0.772196574,-0.03527898776,-0.07533905699,2.366075665
25,-0.3970675341,-0.4883658747,-0.07606776489,-0.2757382443,-0.2836966289,-0.07394612275,-0.9195597037,0.07271737185,-0.4172475842,-0.772196574,-0.03527898776,0.407463938,-0.4470465797
23.3,-0.4147875256,-0.4883658747,0.4037159996,3.646437328,-0.05742080703,-0.1607674372,-0.4389320622,-0.3224743423,-0.3486997668,-0.7781029662,-0.1649770365,0.3984991397,0.1189401667
28.7,-0.4119357253,-0.4883658747,0.4037159996,-0.2757382443,-0.05742080703,0.0618967502,0.5894697296,-0.175931393,-0.3486997668,-0.7781029662,-0.1649770365,0.3982831205,-0.4162255193
21.5,-0.4072203149,-0.4883658747,0.4037159996,3.646437328,-0.05742080703,-0.1421628698,0.8969300591,-0.4281370255,-0.3486997668,-0.7781029662,-0.1649770365,0.4427830833,0.736762333
23,-0.4068064377,-0.4883658747,0.4037159996,3.646437328,-0.05742080703,-0.01754179942,0.8474536843,-0.2033429868,-0.3486997668,-0.7781029662,-0.1649770365,0.4086520438,-0.3027479785
26.7,-0.3784581716,-0.4883658747,-0.7143255607,3.646437328,-0.2169267142,0.1531477236,0.70962664,-0.4412262987,-0.1430563146,-0.5950048095,-0.106023378,0.3866180816,-0.4134236047
21.7,-0.3726894669,-0.4883658747,-0.7143255607,3.646437328,-0.2169267142,-0.07926171343,0.8085793897,-0.352873705,-0.1430563146,-0.5950048095,-0.106023378,0.4248534866,1.232701215
27.5,-0.3475952525,-0.4883658747,-0.7143255607,3.646437328,-0.2169267142,0.1318853608,0.3279517482,-0.246594498,-0.1430563146,-0.5950048095,-0.106023378,0.3724688216,-0.3826025442
30.1,-0.3486252953,-0.4883658747,-0.7143255607,-0.2757382443,-0.2169267142,0.05480929596,0.4375065782,-0.246594498,-0.1430563146,-0.5950048095,-0.106023378,0.4427830833,-0.7090255935
44.8,-0.3834293488,-0.4883658747,-0.7143255607,-0.2757382443,-0.2280550333,0.5414811539,0.3491559089,-0.4257183555,-0.1430563146,-0.5950048095,-0.106023378,0.3147916853,-1.193756817
50,-0.3588292295,-0.4883658747,-0.7143255607,-0.2757382443,-0.2280550333,0.6770287162,0.5152551673,-0.4257183555,-0.1430563146,-0.5950048095,-0.106023378,0.2818487516,-1.12510991
37.6,-0.3756621751,-0.4883658747,-0.7143255607,-0.2757382443,-0.2280550333,0.4747409598,0.6389461045,-0.2733421431,-0.1430563146,-0.5950048095,-0.106023378,0.3399579264,-1.335253504
31.6,-0.3721465436,-0.4883658747,-0.7143255607,-0.2757382443,-0.2280550333,0.2157535694,0.4057003373,-0.2733421431,-0.1430563146,-0.5950048095,-0.106023378,0.17470321,-0.8827442979
46.7,-0.385422005,-0.4883658747,-0.7143255607,-0.2757382443,-0.2280550333,0.3702010097,-1.817202505,-0.1977468482,-0.1430563146,-0.5950048095,-0.106023378,0.2333524329,-1.224577877
31.5,-0.3687285686,-0.4883658747,-0.7143255607,-0.2757382443,-0.2280550333,0.0353187968,-1.661705327,-0.1977468482,-0.1430563146,-0.5950048095,-0.106023378,0.2639191549,-1.246993194
24.3,-0.3576585149,-0.4883658747,-0.7143255607,-0.2757382443,-0.2280550333,-0.133303552,-0.01131482229,-0.05717943664,-0.1430563146,-0.5950048095,-0.106023378,0.2424252409,-0.1416378898
31.7,-0.3662662315,-0.4883658747,-0.7143255607,-0.2757382443,-0.2280550333,0.2892859071,0.299679534,-0.05717943664,-0.1430563146,-0.5950048095,-0.106023378,0.2185551151,-1.038250557
41.7,-0.3532070094,-0.4883658747,-0.7143255607,-0.2757382443,-0.2169267142,0.562448206,0.1724545701,0.02197272597,-0.1430563146,-0.5950048095,-0.106023378,0.3240805125,-1.427716685
48.3,-0.3815529503,-0.4883658747,-0.7143255607,-0.2757382443,-0.2169267142,0.5358702526,0.06996779356,-0.06647471757,-0.1430563146,-0.5950048095,-0.106023378,0.248905818,-1.220375006
29,-0.3680159092,-0.4883658747,-0.7143255607,3.646437328,-0.2169267142,0.08670284005,-0.0678592507,-0.06647471757,-0.1430563146,-0.5950048095,-0.106023378,0.04638778314,-0.6459825153
24,-0.3816715331,-0.4883658747,-0.7143255607,-0.2757382443,-0.2169267142,-0.1022959397,-0.2445605895,-0.06647471757,-0.1430563146,-0.5950048095,-0.106023378,0.2251437019,-0.2495116014
25.1,-0.3595674656,-0.4883658747,-0.7143255607,3.646437328,-0.2169267142,0.05864833368,0.2855434269,0.1688002247,-0.1430563146,-0.5950048095,-0.106023378,0.3515149556,-0.4372398787
31.5,-0.3605847201,-0.4883658747,-0.7143255607,-0.2757382443,-0.2169267142,0.2733391351,0.1123761149,0.1688002247,-0.1430563146,-0.5950048095,-0.106023378,0.3690125138,-1.111100337
23.7,-0.4105045936,0.798250585,-0.8989696155,-0.2757382443,-0.5099724507,0.01435174467,-1.764192103,1.137169313,-0.2801519494,-0.6363495545,-0.1531863048,0.2538742604,-0.8827442979
23.3,-0.4093327165,0.798250585,-0.8989696155,-0.2757382443,-0.5099724507,0.05126556884,-0.9266277572,1.137169313,-0.2801519494,-0.6363495545,-0.1531863048,0.3010744637,-0.7412476113
22,-0.406918045,0.798250585,-0.8989696155,-0.2757382443,-0.5099724507,0.1372009515,-0.4990105174,1.206504521,-0.2801519494,-0.6363495545,-0.1531863048,0.3817576488,-0.1794637367
20.1,-0.4077516124,0.798250585,-0.8989696155,-0.2757382443,-0.5099724507,-0.09963814438,-0.1173356256,1.206504521,-0.2801519494,-0.6363495545,-0.1531863048,0.4181568903,-0.03656609283
22.2,-0.408125962,0.798250585,-0.8989696155,-0.2757382443,-0.5099724507,-0.02197145832,-0.5484868922,1.53819429,-0.2801519494,-0.6363495545,-0.1531863048,0.1819398545,-0.2018790534
23.7,-0.4052578857,0.798250585,-0.8989696155,-0.2757382443,-0.5099724507,-0.01163558755,-2.142332968,1.53819429,-0.2801519494,-0.6363495545,-0.1531863048,0.2031097397,-1.046656301
17.6,-0.3961304974,0.4551528624,-0.7637578273,-0.2757382443,-0.4988441316,-0.2478840623,0.2855434269,1.974218846,-0.211604132,-0.4591577899,-0.005802158489,0.1791316044,-0.0225565199
18.5,-0.3978452978,0.4551528624,-0.7637578273,-0.2757382443,-0.4988441316,-0.2443403351,0.06289974,1.974218846,-0.211604132,-0.4591577899,-0.005802158489,0.3588596097,0.8124140268
24.3,-0.3805810363,0.4551528624,-0.7637578273,-0.2757382443,-0.4988441316,-0.09579910666,-1.184611712,2.021928298,-0.211604132,-0.4591577899,-0.005802158489,0.3702006196,-0.4904762558
20.5,-0.3972361077,0.4551528624,-0.7637578273,-0.2757382443,-0.4988441316,-0.06095245665,0.3809621498,2.021928298,-0.211604132,-0.4591577899,-0.005802158489,0.2185551151,-0.3517814838
24.5,-0.400977279,0.4551528624,-0.7637578273,-0.2757382443,-0.4988441316,0.0001768361854,-0.6827799097,1.91332527,-0.211604132,-0.4591577899,-0.005802158489,0.2031097397,-0.4400417932
26.2,-0.3979150524,0.4551528624,-0.7637578273,-0.2757382443,-0.4988441316,0.0843403553,-1.799532371,1.91332527,-0.211604132,-0.4591577899,-0.005802158489,0.4086520438,-0.854725152
24.4,-0.4037779258,0.4551528624,-0.7637578273,-0.2757382443,-0.4988441316,0.01612360823,-1.958563576,1.709493039,-0.211604132,-0.4591577899,-0.005802158489,0.436086487,-0.9471883334
24.8,-0.3951992736,0.4551528624,-0.7637578273,-0.2757382443,-0.4988441316,0.001653389152,-2.103458674,1.709493039,-0.211604132,-0.4591577899,-0.005802158489,0.2286000097,-1.270809468
29.6,-0.4105313329,0.4551528624,-0.7637578273,-0.2757382443,-0.4988441316,0.1549195871,-2.177673236,2.425609069,-0.211604132,-0.4591577899,-0.005802158489,0.3260246856,-1.279215212
42.8,-0.3771967761,0.4551528624,-0.7637578273,-0.2757382443,-0.4988441316,0.5394139797,-2.121128807,2.425609069,-0.211604132,-0.4591577899,-0.005802158489,0.4427830833,-1.277814255
21.9,-0.4144864182,2.942611351,-1.086521451,-0.2757382443,-0.64351228,-0.09579910666,-1.287098488,2.574333564,-0.6228910365,-0.5477536722,-0.1649770365,0.3994712263,-0.8533241947
20.9,-0.415964053,2.942611351,-1.086521451,-0.2757382443,-0.64351228,-0.1643111643,-1.742987942,2.574333564,-0.6228910365,-0.5477536722,-0.1649770365,0.4242054289,-0.4778676402
44,-0.4183008318,3.371483504,-1.070528659,-0.2757382443,-0.6360934006,0.301688952,-1.209349899,1.206504521,-0.4857954016,-0.9671075151,-0.1944538658,0.3287249261,-1.338055418
50,-0.3489926695,0.3693784318,-1.038543074,-0.2757382443,0.3023948441,0.6708271938,0.6530822116,-0.9442622416,-0.3486997668,-0.848979672,-0.3654194756,0.3650161579,-1.056463002
36,-0.3429507593,0.3693784318,-1.038543074,-0.2757382443,0.3023948441,0.2659563702,1.116039719,-0.8998725327,-0.3486997668,-0.848979672,-0.3654194756,0.2957819924,-0.682407405
30.1,-0.3437482868,0.3693784318,-1.038543074,-0.2757382443,0.3023948441,0.1209588689,1.116039719,-0.8448122206,-0.3486997668,-0.848979672,-0.3654194756,0.3891023029,-0.8070926041
33.8,-0.3572969536,0.3693784318,-1.038543074,-0.2757382443,0.3023948441,0.2275659931,0.472846846,-0.7967233693,-0.3486997668,-0.848979672,-0.3654194756,0.3984991397,-0.4302350922
43.1,-0.357993337,0.3693784318,-1.038543074,-0.2757382443,0.3023948441,0.3211794512,0.741432881,-0.7835866713,-0.3486997668,-0.848979672,-0.3654194756,0.3506508787,-0.7566581415
48.8,-0.359618619,0.3693784318,-1.038543074,-0.2757382443,0.3023948441,0.5804621522,0.8156474433,-0.7130658409,-0.3486997668,-0.848979672,-0.3654194756,0.3343414263,-0.9457873761
31,-0.3241460839,0.3693784318,-1.038543074,-0.2757382443,0.3023948441,0.2641845067,0.9216682465,-0.8125158619,-0.3486997668,-0.848979672,-0.3654194756,0.405195736,-0.1976761815
36.5,-0.3561390274,0.3693784318,-1.038543074,-0.2757382443,0.3023948441,0.2284519249,0.81918147,-0.8830366922,-0.3486997668,-0.848979672,-0.3654194756,0.345466417,-0.6389777289
22.8,-0.3315447209,0.3693784318,-1.038543074,-0.2757382443,0.3023948441,-0.2576293118,-0.1986182414,-0.8562890471,-0.3486997668,-0.848979672,-0.3654194756,0.3941787549,-0.309752765
30.7,-0.3287452367,0.3693784318,-1.038543074,-0.2757382443,0.3023948441,0.1717522909,0.5717995957,-0.7868589895,-0.3486997668,-0.848979672,-0.3654194756,0.3042067427,0.2982627002
50,-0.3528524236,0.3693784318,-1.038543074,-0.2757382443,0.03531518553,0.5506357823,-0.05018911682,-0.6499432955,-0.3486997668,-0.848979672,-0.3654194756,0.3092831948,-0.7314409102
43.5,-0.3572516131,0.3693784318,-1.038543074,-0.2757382443,0.03531518553,0.3064139215,-0.5590889726,-0.4363415337,-0.3486997668,-0.848979672,-0.3654194756,0.371496735,-1.331050632
20.7,-0.4095501183,0.3693784318,-0.6038299058,3.646437328,-0.3764326214,-0.1513174982,-0.2445605895,0.059485824,-0.4857954016,-1.09114175,-0.03527898776,0.3827297354,0.1385535688
21.1,-0.3853092351,0.3693784318,-0.6038299058,-0.2757382443,-0.3764326214,-0.1702173762,-0.930161784,0.3020642013,-0.4857954016,-1.09114175,-0.03527898776,0.353675148,0.04749134476
25.2,-0.4012423464,0.3693784318,-0.6038299058,-0.2757382443,-0.3764326214,-0.05681810834,-1.841940692,0.3020642013,-0.4857954016,-1.09114175,-0.03527898776,0.4427830833,-0.8505222801
24.4,-0.4067657475,0.3693784318,-0.6038299058,-0.2757382443,-0.3764326214,0.03118444849,-0.3435133392,0.059485824,-0.4857954016,-1.09114175,-0.03527898776,0.4218292173,-0.6908131487
35.2,-0.3942936265,0.3693784318,-0.6038299058,3.646437328,-0.3764326214,0.3716775627,-0.5873611868,0.2724236371,-0.4857954016,-1.09114175,-0.03527898776,0.3765731871,-0.8519232374
32.4,-0.4135272926,1.227122738,-0.6837938666,3.646437328,-0.4394930964,0.09615277903,-1.255292247,0.1354130932,-0.4172475842,-0.9080435935,-0.0942326463,0.4427830833,-1.279215212
32,-0.4089234895,1.227122738,-0.6837938666,-0.2757382443,-0.4394930964,0.124502596,-0.9054235966,0.2253781336,-0.4172475842,-0.9080435935,-0.0942326463,0.4427830833,-1.356267863
33.2,-0.4079178608,1.227122738,-0.6837938666,3.646437328,-0.4394930964,0.2464658711,-0.6863139365,0.4719402028,-0.4172475842,-0.9080435935,-0.0942326463,0.3601557251,-0.926173974
33.1,-0.4129657681,1.227122738,-0.6837938666,3.646437328,-0.4394930964,0.1162338994,-1.442595667,0.5077934292,-0.4172475842,-0.9080435935,-0.0942326463,0.4055197649,-1.190954902
29.1,-0.410813839,1.227122738,-0.6837938666,-0.2757382443,-0.4394930964,0.01464705526,-1.283564462,0.1651485072,-0.4172475842,-0.9080435935,-0.0942326463,0.4427830833,-0.7664648425
35.1,-0.3956305895,0.3693784318,-1.131592047,-0.2757382443,-0.4547017991,0.1120995511,-1.280030435,0.1463682457,-0.3486997668,-1.132486495,-0.2534075243,0.4427830833,-1.094288849
45.4,-0.4159291757,0.3693784318,-1.131592047,-0.2757382443,-0.4547017991,0.4097726292,-0.1385397862,0.4280721678,-0.3486997668,-1.132486495,-0.2534075243,0.3392018591,-1.246993194
35.4,-0.4157815285,0.3693784318,-1.131592047,-0.2757382443,-0.4547017991,0.1581680036,-1.103329096,0.6889091326,-0.3486997668,-1.132486495,-0.2534075243,0.3923425914,-1.130713739
46,-0.412963443,0.3693784318,-1.131592047,3.646437328,-0.4547017991,0.3580932754,-0.6615757491,0.6733537645,-0.3486997668,-1.132486495,-0.2534075243,0.2286000097,-1.352064991
50,-0.4183438472,3.371483504,-1.439816768,3.646437328,-0.6101273227,0.4401896203,-1.541548416,0.9925707846,-0.6228910365,-1.238801554,-0.3300472804,0.4278777559,-1.331050632
32.2,-0.4190355802,3.371483504,-1.183932094,-0.2757382443,-0.6138367624,0.1936052749,-1.682909487,1.667095176,-0.6228910365,-0.7249454368,-0.2298260609,0.4192369865,-0.6740016612
22,-0.4188146906,1.870430968,-1.288612188,-0.2757382443,-0.6546405991,0.006083048053,-1.290632515,1.667095176,-0.6228910365,-0.6363495545,-0.2298260609,0.4192369865,-0.6207652841
20.1,-0.4178044116,2.942611351,-1.359852807,-0.2757382443,-0.6694783579,-0.05977121427,-1.304768622,2.512159517,-0.6228910365,-0.9848266915,-0.05886045117,-0.1545101074,0.03768464371
23.2,-0.4155885408,1.76321293,-0.8422678979,-0.2757382443,-0.5952895639,-0.06597273673,-1.311836676,1.671790241,-0.2801519494,-0.6776942996,-0.1531863048,0.4427830833,-0.773469629
22.3,-0.4147526483,1.76321293,-0.8422678979,-0.2757382443,-0.5952895639,-0.03466981383,-0.8064708469,1.671790241,-0.2801519494,-0.6776942996,-0.1531863048,0.4427830833,-0.7090255935
24.8,-0.4150932832,1.76321293,-0.8422678979,-0.2757382443,-0.5952895639,0.03915783451,-1.608694925,1.671790241,-0.2801519494,-0.6776942996,-0.1531863048,0.1708148637,-0.4414427505
28.5,-0.4160175315,2.942611351,-0.8960618351,-0.2757382443,-0.5730329256,0.1265697702,-1.431993586,0.6282052572,-0.4172475842,-0.9612011229,0.00009320736528,0.4427830833,-1.307234358
37.3,-0.410920796,2.942611351,-0.8960618351,-0.2757382443,-0.5730329256,0.2113239105,-1.43906164,0.6282052572,-0.4172475842,-0.9612011229,0.00009320736528,0.4427830833,-1.27501234
27.9,-0.4158861604,2.942611351,-0.8960618351,-0.2757382443,-0.5730329256,0.05835302308,-1.591024791,0.6282052572,-0.4172475842,-0.9612011229,0.00009320736528,0.4427830833,-1.115303209
23.9,-0.4104801795,-0.4883658747,0.4080776702,-0.2757382443,-0.4765874934,-0.09018820539,-1.76772613,0.8112653816,-0.4172475842,-0.7013198682,-0.1885585,0.4427830833,-0.5717317788
21.7,-0.4105569096,-0.4883658747,0.4080776702,-0.2757382443,-0.4765874934,-0.1250348554,-0.9230937305,0.8112653816,-0.4172475842,-0.7013198682,-0.1885585,0.4427830833,-0.3167575515
28.6,-0.4050544349,-0.4883658747,0.4080776702,-0.2757382443,-0.4765874934,0.07252793156,-1.318904729,1.028329161,-0.4172475842,-0.7013198682,-0.1885585,0.4427830833,-0.8953529135
27.1,-0.4138435134,-0.4883658747,0.4080776702,-0.2757382443,-0.4765874934,0.03443286502,-0.615633401,1.028329161,-0.4172475842,-0.7013198682,-0.1885585,0.3990391878,-0.7384456967
20.3,-0.4036930577,-0.4883658747,0.4080776702,-0.2757382443,-0.4765874934,-0.1897078754,-0.3682515267,1.198869111,-0.4172475842,-0.7013198682,-0.1885585,0.4427830833,0.445363216
22.5,-0.4125716547,2.513739198,-1.290066078,-0.2757382443,-0.6138367624,-0.02581049603,-1.707647675,1.913941794,-0.3486997668,-0.2937788097,-0.2593028902,0.1332275165,-1.077477362
29,-0.4136237864,2.513739198,-1.290066078,-0.2757382443,-0.6138367624,0.179725677,-2.064584379,1.913941794,-0.3486997668,-0.2937788097,-0.2593028902,0.1693027291,-1.109699379
24.8,-0.414953774,2.513739198,-1.290066078,-0.2757382443,-0.6138367624,0.1295228761,-0.7428583649,1.913941794,-0.3486997668,-0.2937788097,-0.2593028902,0.3775452737,-0.9233720594
22,-0.4159768413,0.9697994463,-0.7303183529,-0.2757382443,-0.4914252522,0.04654059935,-0.9902402392,0.8060486423,-0.211604132,-0.4650641821,-0.1826631341,0.4303619772,-0.4428437078
26.4,-0.4093164404,0.9697994463,-0.7303183529,-0.2757382443,-0.4914252522,0.01848609298,-1.76772613,0.8060486423,-0.211604132,-0.4650641821,-0.1826631341,0.2992383002,-0.5591231632
33.1,-0.4084631092,0.9697994463,-0.7303183529,-0.2757382443,-0.4914252522,0.162302352,-1.792464317,0.8060486423,-0.211604132,-0.4650641821,-0.1826631341,0.3729008601,-1.092887892
36.1,-0.413677265,0.926912231,-1.298789419,-0.2757382443,-0.3467571038,0.2373112427,-0.9655020518,0.1090448473,-0.211604132,-1.097048142,-0.04706971947,0.4080039861,-0.8028897322
28.4,-0.4137191177,0.926912231,-1.298789419,-0.2757382443,-0.3467571038,0.05421867477,-0.3647174999,-0.2001655183,-0.211604132,-1.097048142,-0.04706971947,0.4045476783,-0.5226982735
33.4,-0.4113660628,0.926912231,-1.298789419,-0.2757382443,-0.3467571038,0.2916483919,0.1229781952,-0.3285921548,-0.211604132,-1.097048142,-0.04706971947,0.4427830833,-0.8673337677
28.2,-0.4143550471,0.926912231,-1.298789419,-0.2757382443,-0.3467571038,0.123026043,0.06643376678,-0.288992361,-0.211604132,-1.097048142,-0.04706971947,0.4427830833,-0.7188322946
22.8,-0.3627761768,-0.4883658747,-0.1763861884,-0.2757382443,-0.07967744524,0.05982957605,0.4975850334,-0.2250635922,-0.4172475842,-0.6127239859,-0.04706971947,0.4427830833,-1.137718525
20.3,-0.3794684506,-0.4883658747,-0.1763861884,-0.2757382443,-0.07967744524,-0.1359613474,0.2926114804,-0.327027133,-0.4172475842,-0.6127239859,-0.04706971947,0.4356544485,-0.3769987151
16.1,-0.1136941555,-0.4883658747,-0.1763861884,-0.2757382443,-0.07967744524,-0.4309766302,-1.082124935,-0.6035617406,-0.4172475842,-0.6127239859,-0.04706971947,-0.05892159497,-0.002943117792
22.1,-0.3281976631,-0.4883658747,-0.1763861884,-0.2757382443,-0.07967744524,-0.09166475836,-0.552020919,-0.5462250333,-0.4172475842,-0.6127239859,-0.04706971947,0.4427830833,-0.935980675
19.4,-0.3896654093,-0.4883658747,-0.1763861884,-0.2757382443,-0.07967744524,-0.1209005071,0.7767731487,-0.4543629967,-0.4172475842,-0.6127239859,-0.04706971947,0.4363025062,-0.1318311888
21.6,-0.388771388,-0.4883658747,-0.1763861884,-0.2757382443,-0.07967744524,-0.04914003291,0.5081871138,-0.251005014,-0.4172475842,-0.6127239859,-0.04706971947,0.4048717072,-0.6669968747
23.8,-0.3771665491,-0.4883658747,-0.1763861884,-0.2757382443,-0.07967744524,0.0397484557,0.6672183187,-0.0899974693,-0.4172475842,-0.6127239859,-0.04706971947,0.4297139195,-0.4736647683
16.2,-0.3906105841,-0.4883658747,-0.1763861884,-0.2757382443,-0.07967744524,-0.2148092758,0.3279517482,0.07252767224,-0.4172475842,-0.6127239859,-0.04706971947,0.4375986216,-0.1626522492
17.8,-0.3830875513,-0.4883658747,-0.1763861884,-0.2757382443,-0.07967744524,-0.1530893618,0.5223232209,0.09794742009,-0.4172475842,-0.6127239859,-0.04706971947,0.3758171198,0.794201582
19.8,-0.3915801729,-0.4883658747,-0.1763861884,-0.2757382443,-0.07967744524,-0.1920703601,0.1159101416,0.1136450629,-0.4172475842,-0.6127239859,-0.04706971947,0.4427830833,0.4593727889
23.1,-0.3733509729,-0.4883658747,-0.1763861884,-0.2757382443,-0.07967744524,-0.01488400408,-0.04312106327,-0.1231000514,-0.4172475842,-0.6127239859,-0.04706971947,0.4245294578,-0.3223613806
21,-0.3648118483,-0.4883658747,-0.1763861884,-0.2757382443,-0.07967744524,-0.0943225537,-0.3399793124,0.09951244188,-0.4172475842,-0.6127239859,-0.04706971947,0.4355464389,0.009665497846
23.8,-0.4006040919,-0.4883658747,-0.5427665176,-0.2757382443,-0.2688588701,-0.001890337968,-0.5696910529,0.3548955429,-0.3486997668,-0.7131326525,0.02367467078,0.4427830833,-0.7650638853
23.1,-0.3989776473,-0.4883658747,-0.5427665176,-0.2757382443,-0.2688588701,-0.01665586764,-0.4990105174,0.3548955429,-0.3486997668,-0.7131326525,0.02367467078,0.4427830833,-0.8112954759
20.4,-0.3792661623,-0.4883658747,-0.5427665176,-0.2757382443,-0.2688588701,-0.1155849164,-0.6545076955,0.4405923421,-0.3486997668,-0.7131326525,0.02367467078,0.4427830833,-0.6950160206
18.5,-0.3870810017,-0.4883658747,-0.5427665176,-0.2757382443,-0.2688588701,-0.213923344,0.2077948378,0.4405923421,-0.3486997668,-0.7131326525,0.02367467078,0.3804615334,-0.1290292742
25,-0.3804345517,-0.4883658747,-0.5427665176,-0.2757382443,-0.2688588701,-0.005138754496,-1.00084232,0.4405923421,-0.3486997668,-0.7131326525,0.02367467078,0.4427830833,-0.9163672729
24.6,-0.3977836812,-0.4883658747,-0.5427665176,-0.2757382443,-0.2688588701,-0.0004137850014,-1.898485121,0.770100566,-0.3486997668,-0.7131326525,0.02367467078,0.4080039861,-1.062066831
23,-0.3848081646,-0.4883658747,-0.5427665176,-0.2757382443,-0.2688588701,-0.03555574561,-1.396653318,0.770100566,-0.3486997668,-0.7131326525,0.02367467078,0.4427830833,-0.912164401
22.2,-0.3920672925,-0.4883658747,-0.5427665176,-0.2757382443,-0.2688588701,-0.1031818715,-0.8736173556,0.770100566,-0.3486997668,-0.7131326525,0.02367467078,0.4427830833,0.01807124161
19.3,-0.4123961056,-0.4883658747,-1.144677059,-0.2757382443,-0.3912703802,-0.1666736491,-1.506208148,0.6746342369,-0.4172475842,0.1314814253,-0.1355002073,0.2866011748,-0.3769987151
22.6,-0.4122717099,-0.4883658747,-1.144677059,-0.2757382443,-0.3912703802,-0.02935422315,-1.810134451,0.6746342369,-0.4172475842,0.1314814253,-0.1355002073,0.2085102206,-0.7454504832
19.8,-0.4148061268,-0.4883658747,-1.144677059,-0.2757382443,-0.3912703802,-0.0851679253,-1.280030435,0.9871643457,-0.4172475842,0.1314814253,-0.1355002073,0.1367918339,-0.5002829569
17.1,-0.4142492526,1.012686662,-0.7346800234,-0.2757382443,-0.4732489976,-0.2145139652,-1.414323452,1.350960774,-0.6228910365,-0.6127239859,-0.1355002073,0.4116763132,-0.03236322095
19.4,-0.4160593843,1.012686662,-0.7346800234,-0.2757382443,-0.4732489976,-0.1185380224,-1.594558818,1.350960774,-0.6228910365,-0.6127239859,-0.1355002073,0.06852975495,-0.6768035758
22.2,-0.414179498,-0.4883658747,-0.8611684704,-0.2757382443,-0.1872511966,-0.03437450324,-1.071522855,1.264505177,-0.3486997668,-1.085235358,0.0590468659,0.3651241676,-0.9780093938
20.7,-0.4157431635,-0.4883658747,-0.8611684704,-0.2757382443,-0.1872511966,-0.0361463668,-1.057386748,1.264505177,-0.3486997668,-1.085235358,0.0590468659,0.3617758694,-0.8281069634
21.1,-0.4154839089,-0.4883658747,-0.8611684704,-0.2757382443,-0.1872511966,-0.1167661588,-1.198747819,1.040137962,-0.3486997668,-1.085235358,0.0590468659,0.4427830833,-0.6515863445
19.5,-0.4161047248,-0.4883658747,-0.8611684704,-0.2757382443,-0.1872511966,-0.1663783385,-0.7817326594,0.6824593458,-0.3486997668,-1.085235358,0.0590468659,0.4427830833,-0.400814989
18.5,-0.4165534793,-0.4883658747,-0.8611684704,-0.2757382443,-0.1872511966,-0.1587002631,-0.3117070982,0.8645235473,-0.3486997668,-1.085235358,0.0590468659,0.420209073,-0.2943422348
20.6,-0.4162453965,-0.4883658747,-0.8611684704,-0.2757382443,-0.1872511966,-0.1102693257,-1.099795069,0.4837964284,-0.3486997668,-1.085235358,0.0590468659,0.4345743523,-0.5815384799
19,-0.4136981913,-0.4883658747,-0.8611684704,-0.2757382443,-0.1872511966,-0.1321223097,-0.8135389004,0.4837964284,-0.3486997668,-1.085235358,0.0590468659,0.4427830833,-0.4092207328
18.7,-0.4129378663,-0.4883658747,-0.8611684704,-0.2757382443,-0.1872511966,-0.1371425897,-0.3505813928,0.4837964284,-0.3486997668,-1.085235358,0.0590468659,0.4427830833,-0.472263811
32.7,-0.4185763625,1.012686662,-1.394746172,-0.2757382443,-0.4580402949,0.2387877956,-0.6757118562,1.539332488,-0.6228910365,-0.730851829,-0.2180353292,0.4194530057,-1.004627582
16.5,-0.4171847584,-0.4883658747,-1.340952235,-0.2757382443,-0.1761228775,0.03177506968,-0.3081730715,1.173686488,-0.6228910365,0.08423028809,-0.1944538658,0.367824408,-0.5619250778
23.9,-0.4171324424,1.870430968,-1.066166988,-0.2757382443,-0.3022438274,0.07784352225,-0.4247959551,0.9200581084,-0.3486997668,-0.2229021038,-0.0942326463,0.4427830833,-0.7678657998
31.2,-0.4165441787,1.870430968,-1.066166988,-0.2757382443,-0.3022438274,0.1304088079,-1.424925533,1.26782492,-0.3486997668,-0.2229021038,-0.0942326463,0.3463304939,-1.127911824
17.5,-0.4164697738,-0.4883658747,-0.9774796861,-0.2757382443,-0.4580402949,-0.1235583024,-0.7039840704,2.002057263,-0.4857954016,-0.3292171626,-0.02348825605,0.3211642528,-0.2985451066
17.2,-0.412925078,-0.4883658747,-0.9774796861,-0.2757382443,-0.4580402949,-0.1578143313,-0.5696910529,2.002057263,-0.4857954016,-0.3292171626,-0.02348825605,0.09402002493,0.001259754088
23.1,-0.4179148564,3.157047428,-1.012373051,-0.2757382443,-0.506263011,0.02468761544,-1.43906164,2.249472981,-0.4172475842,-0.3351235547,-0.07654654873,0.3945027838,-0.8827442979
24.5,-0.4183438472,2.942611351,-1.323505553,-0.2757382443,-0.4840063728,0.05982957605,-1.368381104,2.158749142,-0.4172475842,-0.7544773976,-0.1296048414,0.3784093506,-0.9345797177
26.6,-0.4167185652,1.227122738,-1.434001207,-0.2757382443,-0.506263011,0.1496039964,-1.198747819,2.371260131,-0.6228910365,-0.4296258292,0.02957003663,0.3666363022,-0.9485892907
22.9,-0.4128681117,1.227122738,-1.434001207,-0.2757382443,-0.506263011,0.01700954001,-0.8488791682,2.371260131,-0.6228910365,-0.4296258292,0.02957003663,0.4427830833,-0.935980675
24.1,-0.4108463911,2.084867045,-1.370030039,-0.2757382443,-0.5730329256,0.04329218282,-1.149271444,3.280964614,-0.4172475842,0.01925997441,-0.05296508532,0.1606619596,-1.004627582
18.6,-0.4116671701,2.084867045,-1.370030039,-0.2757382443,-0.5730329256,-0.1619486796,-1.764192103,3.280964614,-0.4172475842,0.01925997441,-0.05296508532,0.3934226876,-0.682407405
30.1,-0.4181020312,3.371483504,-1.322051662,-0.2757382443,-0.5767423653,0.08729346123,-1.142203391,3.952596086,-0.3486997668,-1.303771868,-0.1296048414,0.3084191178,-1.143322354
18.2,-0.4150886329,2.942611351,-1.338044455,-0.2757382443,-0.5656140462,-0.2272123207,-1.644035193,3.221873186,-0.4172475842,-0.4355322213,0.1651634513,0.2904895211,-0.6459825153
20.6,-0.4076969713,2.942611351,-1.338044455,-0.2757382443,-0.5656140462,-0.1465925287,-1.728851835,3.221873186,-0.4172475842,-0.4355322213,0.1651634513,0.217475019,-0.993419924
17.8,0.6242489709,-0.4883658747,1.015803772,3.646437328,0.7586559275,-0.06508680495,1.024155023,-0.7919334541,0.953708764,1.525389973,0.0590468659,0.2357286445,0.6919316996
21.7,0.02746821173,-0.4883658747,1.015803772,3.646437328,0.7586559275,-0.01104496636,0.7979773094,-0.6102960768,0.953708764,1.525389973,0.0590468659,0.3827297354,0.08531719168
22.7,0.1846566964,-0.4883658747,1.015803772,3.646437328,0.7586559275,-0.09018820539,0.5293912744,-0.5071469134,0.953708764,1.525389973,0.0590468659,0.4269056694,-0.1654541638
22.6,0.07532102422,-0.4883658747,1.015803772,-0.2757382443,0.7586559275,-0.09461786429,0.4551767121,-0.6084465056,0.953708764,1.525389973,0.0590468659,0.3762491583,0.001259754088
25,0.1079440842,-0.4883658747,1.015803772,-0.2757382443,0.7586559275,-0.01015903458,0.6919565061,-0.6041308394,0.953708764,1.525389973,0.0590468659,0.2014895954,-0.682407405
19.9,0.02597313831,-0.4883658747,1.015803772,-0.2757382443,0.7586559275,-0.05356969181,0.8015113362,-0.7097460978,0.953708764,1.525389973,0.0590468659,-0.0567614026,0.2142052626
20.8,0.007532349412,-0.4883658747,1.015803772,-0.2757382443,0.7586559275,-0.3161008093,0.9817467017,-0.800754486,0.953708764,1.525389973,0.0590468659,0.2687795878,-0.3461776546
16.8,0.07079627637,-0.4883658747,1.015803772,3.646437328,0.7586559275,-0.1858688376,0.7272967739,-0.8950826175,0.953708764,1.525389973,0.0590468659,-0.03094710376,0.2772483408
21.9,-0.01617723631,-0.4883658747,1.015803772,3.646437328,0.565765063,0.6932707989,0.5117211405,-0.8950826175,0.953708764,1.525389973,0.0590468659,-0.01463765135,-1.032646728
27.5,0.1095658785,-0.4883658747,1.015803772,-0.2757382443,0.565765063,-0.847955188,0.6884224793,-1.033326209,0.953708764,1.525389973,0.0590468659,-0.01301750707,-0.7762715436
21.9,0.009709855251,-0.4883658747,1.015803772,-0.2757382443,0.565765063,-0.4339297361,0.8121134165,-0.9673581692,0.953708764,1.525389973,0.0590468659,-0.4306907021,0.1875870741
23.1,1.151970359,-0.4883658747,1.015803772,-0.2757382443,0.2430438089,-0.7587713888,1.116039719,-1.081984159,0.953708764,1.525389973,0.0590468659,-2.424656271,0.09372293543
50,0.1493666859,-0.4883658747,1.015803772,-0.2757382443,0.2430438089,-0.4318625619,1.116039719,-1.166447911,0.953708764,1.525389973,0.0590468659,0.2118585188,-1.317041059
50,0.2390896921,-0.4883658747,1.015803772,3.646437328,0.2430438089,0.07400448453,1.002950862,-1.154971084,0.953708764,1.525389973,0.0590468659,0.209806336,-1.251196066
50,0.3400920157,-0.4883658747,1.015803772,3.646437328,0.2430438089,0.1723429121,1.02768905,-1.228147709,0.953708764,1.525389973,0.0590468659,0.3903984183,-1.359069778
50,0.6532366541,-0.4883658747,1.015803772,-0.2757382443,0.2430438089,-0.06390556258,1.116039719,-1.243940202,0.953708764,1.525389973,0.0590468659,0.1106535062,-0.438640836
50,0.5410422062,-0.4883658747,1.015803772,3.646437328,0.3802930778,-0.1646064749,0.7485009345,-1.262673038,0.953708764,1.525389973,0.0590468659,-0.08668006694,-0.52970306
13.8,0.8713127593,-0.4883658747,1.015803772,-0.2757382443,0.3802930778,-0.4507624399,1.116039719,-1.241521532,0.953708764,1.525389973,0.0590468659,0.4427830833,3.097375372
13.8,1.73046844,-0.4883658747,1.015803772,-0.2757382443,0.3802930778,-0.6775609756,1.116039719,-1.259163596,0.953708764,1.525389973,0.0590468659,0.4427830833,3.545681706
15,1.859619066,-0.4883658747,1.015803772,-0.2757382443,0.3914213969,0.2600501584,1.041825157,-1.174130745,0.953708764,1.525389973,0.0590468659,0.4427830833,0.1091334657
13.9,1.357258123,-0.4883658747,1.015803772,-0.2757382443,0.3914213969,0.06396392436,0.8792599252,-1.160567223,0.953708764,1.525389973,0.0590468659,0.07684649558,1.482071613
13.3,0.7219670159,-0.4883658747,1.015803772,-0.2757382443,0.3914213969,0.1067839604,1.073631398,-1.154354561,0.953708764,1.525389973,0.0590468659,0.4427830833,1.201880154
13.1,2.329195352,-0.4883658747,1.015803772,-0.2757382443,0.3914213969,-0.01547462526,0.9817467017,-1.141028163,0.953708764,1.525389973,0.0590468659,0.4427830833,1.545114691
10.2,1.657051732,-0.4883658747,1.015803772,-0.2757382443,0.3914213969,-0.06183838843,1.116039719,-1.141028163,0.953708764,1.525389973,0.0590468659,0.4086520438,1.277531848
10.4,9.924075299,-0.4883658747,1.015803772,-0.2757382443,0.3914213969,0.1581680036,0.8297835504,-1.126610992,0.953708764,1.525389973,0.0590468659,0.4427830833,0.6372943652
10.9,1.42543161,-0.4883658747,1.015803772,-0.2757382443,0.3914213969,0.03325162264,1.084233478,-1.077905617,0.953708764,1.525389973,0.0590468659,0.4427830833,1.179464838
11.3,0.6479725075,-0.4883658747,1.015803772,-0.2757382443,0.4989951483,-0.2647167661,1.116039719,-1.048881577,0.953708764,1.525389973,0.0590468659,0.4427830833,1.532506075
12.3,0.5090980909,-0.4883658747,1.015803772,-0.2757382443,0.4989951483,-0.2694417356,1.116039719,-1.071313556,0.953708764,1.525389973,0.0590468659,0.4427830833,1.666997976
8.8,1.914934458,-0.4883658747,1.015803772,-0.2757382443,0.4989951483,-0.6096395392,0.8050453629,-1.115703265,0.953708764,1.525389973,0.0590468659,-0.7568797502,2.517379053
7.2,1.534411534,-0.4883658747,1.015803772,-0.2757382443,0.4989951483,-0.3412022098,1.04889321,-1.122058202,0.953708764,1.525389973,0.0590468659,0.4427830833,2.542596284
10.5,2.415877058,-0.4883658747,1.015803772,-0.2757382443,0.4989951483,-0.5257713306,1.116039719,-1.102566567,0.953708764,1.525389973,0.0590468659,0.4427830833,2.188154089
7.4,2.206996933,-0.4883658747,1.015803772,-0.2757382443,0.4989951483,-0.4230032441,0.7449669078,-1.078285017,0.953708764,1.525389973,0.0590468659,0.4427830833,2.707909244
10.2,1.246313444,-0.4883658747,1.015803772,-0.2757382443,0.4989951483,-0.4584405153,1.116039719,-1.044565911,0.953708764,1.525389973,0.0590468659,0.183776018,2.515978095
11.5,0.5276132847,-0.4883658747,1.015803772,-0.2757382443,0.4989951483,-0.3078321127,1.077165425,-0.9788349957,0.953708764,1.525389973,0.0590468659,0.4427830833,1.14724282
15.1,0.3893143434,-0.4883658747,1.015803772,-0.2757382443,0.4989951483,-0.2124467911,1.010018916,-0.8847439887,0.953708764,1.525389973,0.0590468659,0.4161047075,0.6232847922
23.2,0.195268695,-0.4883658747,1.015803772,-0.2757382443,0.4989951483,-0.1126318105,0.4975850334,-0.7703076985,0.953708764,1.525389973,0.0590468659,0.2427492697,0.8544427456
9.7,0.9259306046,-0.4883658747,1.015803772,-0.2757382443,0.4989951483,-0.4123720628,1.010018916,-0.9589639614,0.953708764,1.525389973,0.0590468659,0.4427830833,1.823905192
13.8,0.5849306327,-0.4883658747,1.015803772,-0.2757382443,0.4730290704,-0.07069770623,0.8545217378,-0.9489098821,0.953708764,1.525389973,0.0590468659,0.4427830833,0.3514990774
12.7,1.133090116,-0.4883658747,1.015803772,-0.2757382443,0.4730290704,-0.1610627478,0.9287363001,-0.9532255482,0.953708764,1.525389973,0.0590468659,0.4427830833,0.516812038
13.1,0.5933000211,-0.4883658747,1.015803772,-0.2757382443,0.4730290704,0.01139863873,1.073631398,-0.9799731933,0.953708764,1.525389973,0.0590468659,0.389642351,0.6246857495
12.5,0.262581876,-0.4883658747,1.015803772,-0.2757382443,0.4730290704,-0.008091860429,0.9746786482,-1.003163971,0.953708764,1.525389973,0.0590468659,0.4427830833,0.9399011405
8.5,0.4718421634,-0.4883658747,1.015803772,-0.2757382443,0.4730290704,-0.2024062309,1.077165425,-1.023746379,0.953708764,1.525389973,0.0590468659,0.4017394282,1.016953792
5,4.038601377,-0.4883658747,1.015803772,-0.2757382443,0.4730290704,-0.2892275453,1.116039719,-1.091943389,0.953708764,1.525389973,0.0590468659,0.4427830833,2.511775223
6.3,0.732785953,-0.4883658747,1.015803772,-0.2757382443,0.4730290704,-0.1713986186,0.331485775,-1.086821499,0.953708764,1.525389973,0.0590468659,-0.1916654162,2.424915871
5.6,2.491711925,-0.4883658747,1.015803772,-0.2757382443,0.4730290704,-0.1315316885,1.116039719,-1.044897885,0.953708764,1.525389973,0.0590468659,0.4427830833,1.976609537
7.2,1.234978323,-0.4883658747,1.015803772,-0.2757382443,0.4730290704,-0.02640111722,1.116039719,-1.051869346,0.953708764,1.525389973,0.0590468659,0.4427830833,1.072992083
12.1,0.6954858477,-0.4883658747,1.015803772,-0.2757382443,0.4730290704,-0.008387171023,1.116039719,-1.021090584,0.953708764,1.525389973,0.0590468659,0.2182310863,1.071591126
8.3,2.463298555,-0.4883658747,1.015803772,-0.2757382443,0.4730290704,-0.319939847,0.9746786482,-0.990833496,0.953708764,1.525389973,0.0590468659,0.4427830833,0.9959394322
8.5,4.407998443,-0.4883658747,1.015803772,-0.2757382443,0.4730290704,-0.266193319,0.6000718099,-1.036076853,0.953708764,1.525389973,0.0590468659,-0.2856337844,2.062067932
5,7.476223914,-0.4883658747,1.015803772,-0.2757382443,0.4730290704,-0.2213061089,1.116039719,-1.122390176,0.953708764,1.525389973,0.0590468659,0.3139276083,1.445646723
11.9,1.988327914,-0.4883658747,1.015803772,-0.2757382443,0.3469081205,-0.6775609756,1.116039719,-1.239671961,0.953708764,1.525389973,0.0590468659,0.154613421,1.496081186
27.9,0.9693179607,-0.4883658747,1.015803772,-0.2757382443,0.3469081205,-0.2434544034,1.116039719,-1.18887989,0.953708764,1.525389973,0.0590468659,-0.2572272547,-0.07439193974
17.2,0.440669999,-0.4883658747,1.015803772,-0.2757382443,0.116922859,-0.240796608,1.041825157,-1.10849468,0.953708764,1.525389973,0.0590468659,-0.4457040391,1.924774118
27.5,1.258473995,-0.4883658747,1.015803772,-0.2757382443,0.116922859,0.1239119748,1.116039719,-1.10337279,0.953708764,1.525389973,0.0590468659,-1.906858159,0.9973403895
15,5.524839211,-0.4883658747,1.015803772,-0.2757382443,0.116922859,-0.1994531249,1.116039719,-1.128270864,0.953708764,1.525389973,0.0590468659,-3.816036177,-0.357385313
17.2,1.213412529,-0.4883658747,1.015803772,-0.2757382443,0.116922859,0.0663264091,1.116039719,-1.07396935,0.953708764,1.525389973,0.0590468659,-3.465544965,1.19907824
17.9,1.766833834,-0.4883658747,1.015803772,-0.2757382443,0.116922859,-0.5328587849,1.116039719,-1.061449176,0.953708764,1.525389973,0.0590468659,-3.533158986,3.04133708
16.3,2.911367175,-0.4883658747,1.015803772,-0.2757382443,0.116922859,-0.3772301022,1.116039719,-1.044613336,0.953708764,1.525389973,0.0590468659,-1.565439755,1.039369108
7,4.898245339,-0.4883658747,1.015803772,-0.2757382443,0.4730290704,-0.5650476396,1.116039719,-1.011985003,0.953708764,1.525389973,0.0590468659,-2.890717775,3.406986934
7.2,1.682384275,-0.4883658747,1.015803772,-0.2757382443,0.4210969146,0.0004721467787,1.116039719,-0.9282800494,0.953708764,1.525389973,0.0590468659,-3.549792467,2.2960278
7.5,0.8394697882,-0.4883658747,1.015803772,-0.2757382443,0.4210969146,0.1032402333,0.7909092558,-0.9354886346,0.953708764,1.525389973,0.0590468659,-3.611141931,1.839315723
10.4,2.595704395,-0.4883658747,1.015803772,-0.2757382443,0.4210969146,-0.3332288237,0.7308308006,-1.017059467,0.953708764,1.525389973,0.0590468659,-2.468508176,1.958397093
8.8,8.128812997,-0.4883658747,1.015803772,-0.2757382443,0.4210969146,-0.1403910063,1.116039719,-0.9435034432,0.953708764,1.525389973,0.0590468659,-3.666442855,1.115020802
8.4,0.9531813985,-0.4883658747,1.015803772,-0.2757382443,0.565765063,0.1156432782,0.2855434269,-0.9475819848,0.953708764,1.525389973,0.0590468659,-3.320812076,1.412023748
16.7,0.8689062259,-0.4883658747,1.015803772,-0.2757382443,0.565765063,-0.006319996869,1.116039719,-0.9168032229,0.953708764,1.525389973,0.0590468659,-0.4013120858,0.330484718
14.2,0.3963409559,-0.4883658747,1.015803772,-0.2757382443,0.565765063,-0.1259207872,0.9499404608,-0.9093575132,0.953708764,1.525389973,0.0590468659,-0.3880269028,0.4257498139
20.8,0.9806065788,-0.4883658747,1.015803772,-0.2757382443,0.1799833339,-0.2316419796,0.677820399,-0.8730300377,0.953708764,1.525389973,0.0590468659,-0.6950982484,0.201596647
13.4,0.3995764064,-0.4883658747,1.015803772,-0.2757382443,0.1799833339,-0.09727565963,0.5894697296,-0.8395480564,0.953708764,1.525389973,0.0590468659,-3.816900254,1.489076399
11.7,0.6020623604,-0.4883658747,1.015803772,-0.2757382443,0.06870014285,-0.2561527589,0.07703584711,-0.819771872,0.953708764,1.525389973,0.0590468659,-3.804695167,0.6302895787
8.3,1.423792377,-0.4883658747,1.015803772,-0.2757382443,0.4210969146,-0.1584049525,0.9534744875,-0.8927587973,0.953708764,1.525389973,0.0590468659,-3.761167291,1.643181702
10.2,1.003741852,-0.4883658747,1.015803772,-0.2757382443,0.06870014285,-0.1758282775,-0.3081730715,-0.8510248829,0.953708764,1.525389973,0.0590468659,-3.577874968,0.4243488566
10.9,3.958395222,-0.4883658747,1.015803772,-0.2757382443,0.4210969146,-0.06803991089,0.363292016,-0.9149062268,0.953708764,1.525389973,0.0590468659,-3.640844576,0.2604368533
11,0.4363940425,-0.4883658747,1.015803772,-0.2757382443,0.4210969146,-0.07069770623,0.3420878553,-0.8804283226,0.953708764,1.525389973,0.0590468659,-2.799341637,1.241106959
9.5,0.6656285573,-0.4883658747,1.015803772,-0.2757382443,0.4210969146,-0.01547462526,0.9605425411,-0.8649678043,0.953708764,1.525389973,0.0590468659,-3.188284274,1.599752026
14.5,0.5671862271,-0.4883658747,1.015803772,-0.2757382443,0.06870014285,-0.02492456425,0.6248099974,-0.8248937615,0.953708764,1.525389973,0.0590468659,-2.942778411,0.6975355288
14.1,0.7497305059,-0.4883658747,1.015803772,-0.2757382443,0.06870014285,0.1183010735,0.914600193,-0.8080579211,0.953708764,1.525389973,0.0590468659,-2.96567645,0.9847317739
16.1,0.3290812534,-0.4883658747,1.015803772,-0.2757382443,0.06870014285,-0.002185648562,0.2254649717,-0.7548471802,0.953708764,1.525389973,0.0590468659,-2.786164464,-0.08840151267
14.3,0.2287532242,-0.4883658747,1.015803772,-0.2757382443,0.5472178644,0.001062767966,0.6884224793,-0.7001188425,0.953708764,1.525389973,0.0590468659,-2.761970309,0.4985995931
11.7,1.197450353,-0.4883658747,1.015803772,-0.2757382443,0.5472178644,-0.06626804733,0.9393383804,-0.7445085514,0.953708764,1.525389973,0.0590468659,-2.757217886,0.3514990774
13.4,0.8773930346,-0.4883658747,1.015803772,-0.2757382443,0.6473727364,0.05805771249,0.9252022733,-0.7907478316,0.953708764,1.525389973,0.0590468659,-2.657633018,1.486274485
9.6,1.256439486,-0.4883658747,1.015803772,-0.2757382443,0.6473727364,0.0084455328,0.8792599252,-0.8486536378,0.953708764,1.525389973,0.0590468659,-3.547200236,0.7549747778
8.7,1.344376775,-0.4883658747,1.015803772,-0.2757382443,0.6473727364,-0.08280544056,1.116039719,-0.8905772517,0.953708764,1.525389973,0.0590468659,-3.743453713,1.931778904
8.4,1.170094927,-0.4883658747,1.015803772,-0.2757382443,0.6473727364,-0.1468878393,0.6884224793,-0.9349669607,0.953708764,1.525389973,0.0590468659,-3.099392358,2.992303575
12.8,0.6716437282,-0.4883658747,1.015803772,-0.2757382443,0.6473727364,-0.2378435021,0.9004640859,-0.9365794074,0.953708764,1.525389973,0.0590468659,0.4427830833,1.43163715
10.5,2.143520255,-0.4883658747,1.015803772,-0.2757382443,0.6473727364,-0.1814391787,0.8474536843,-0.913341205,0.953708764,1.525389973,0.0590468659,0.3839178412,1.323763439
17.1,0.7104214683,-0.4883658747,1.015803772,-0.2757382443,0.6473727364,-0.007796549836,1.017086969,-0.8190130736,0.953708764,1.525389973,0.0590468659,0.3246205606,0.9609154999
18.4,0.238670002,-0.4883658747,1.015803772,-0.2757382443,0.6473727364,-0.0630196308,1.116039719,-0.8476102899,0.953708764,1.525389973,0.0590468659,0.4297139195,0.550435013
15.4,0.7385976731,-0.4883658747,1.015803772,-0.2757382443,0.6473727364,0.01553298704,1.116039719,-0.8601304642,0.953708764,1.525389973,0.0590468659,0.3329373012,0.8670513612
10.8,1.068276475,-0.4883658747,1.015803772,-0.2757382443,0.6473727364,-0.1708079974,0.9958828088,-0.8993982836,0.953708764,1.525389973,0.0590468659,-1.246271332,1.559124264
11.8,0.8205895454,-0.4883658747,1.015803772,-0.2757382443,0.6473727364,0.007854911613,0.9322703269,-0.8556250985,0.953708764,1.525389973,0.0590468659,-3.37902926,1.585742453
14.9,0.3109473848,-0.4883658747,1.015803772,-0.2757382443,0.6473727364,-0.02699173841,0.9888147553,-0.8157407553,0.953708764,1.525389973,0.0590468659,-0.4093047976,0.7185498882
12.6,0.7337508916,-0.4883658747,1.015803772,-0.2757382443,0.6473727364,-0.05356969181,0.9958828088,-0.7559853779,0.953708764,1.525389973,0.0590468659,0.3522710229,0.5294206536
14.1,0.6644892323,-0.4883658747,1.015803772,-0.2757382443,0.5472178644,-0.07306019097,1.070097371,-0.7258231398,0.953708764,1.525389973,0.0590468659,0.4427830833,0.7661824361
13,0.4548673835,-0.4883658747,1.015803772,-0.2757382443,0.5472178644,-0.004548133309,1.055961264,-0.7621506152,0.953708764,1.525389973,0.0590468659,-0.5583580713,0.9314953967
13.4,0.3608974853,-0.4883658747,1.015803772,-0.2757382443,0.5472178644,0.09349498369,0.8545217378,-0.6964197001,0.953708764,1.525389973,0.0590468659,-3.84066237,0.6695163829
15.2,0.2124852908,-0.4883658747,1.015803772,-0.2757382443,0.5472178644,0.06573578792,1.052427237,-0.6814334308,0.953708764,1.525389973,0.0590468659,-0.006644939577,0.7101441444
16.1,0.1716823424,-0.4883658747,1.015803772,-0.2757382443,0.5472178644,-0.03998540451,0.8262495236,-0.6752681935,0.953708764,1.525389973,0.0590468659,0.3152237238,0.6457001089
17.8,0.5388147095,-0.4883658747,1.015803772,-0.2757382443,0.5472178644,0.2836750058,1.091301532,-0.6351941507,0.953708764,1.525389973,0.0590468659,0.2156388554,0.5714493724
14.9,0.6859434195,-0.4883658747,1.015803772,-0.2757382443,0.5472178644,0.08729346123,0.9075321394,-0.6146117429,0.953708764,1.525389973,0.0590468659,-3.771968253,0.8474379591
14.1,0.1324105072,-0.4883658747,1.015803772,-0.2757382443,0.5472178644,0.02734541078,0.6389461045,-0.6432089593,0.953708764,1.525389973,0.0590468659,-3.2941337,0.7661824361
12.7,0.1226983429,-0.4883658747,1.015803772,-0.2757382443,0.5472178644,-0.134780105,0.6884224793,-0.5745377002,0.953708764,1.525389973,0.0590468659,-3.730924598,0.8894666779
13.5,0.5332913084,-0.4883658747,1.015803772,-0.2757382443,0.5472178644,-0.1465925287,0.4198364444,-0.4803518434,0.953708764,1.525389973,0.0590468659,-3.806315311,0.5994685183
14.9,0.4811671898,-0.4883658747,1.015803772,-0.2757382443,0.5472178644,-0.03880416214,0.5399933547,-0.4785022722,0.953708764,1.525389973,0.0590468659,-0.9039888507,0.5000005504
20,0.3705991864,-0.4883658747,1.015803772,-0.2757382443,0.5472178644,-0.1037724927,0.5647315422,-0.5096130084,0.953708764,1.525389973,0.0590468659,0.4427830833,0.2856540846
16.4,0.1393580646,-0.4883658747,1.015803772,-0.2757382443,0.5472178644,0.07932007521,0.7626370416,-0.5665228916,0.953708764,1.525389973,0.0590468659,-1.087389183,0.526618739
17.7,0.009263425864,-0.4883658747,1.015803772,-0.2757382443,0.5472178644,-0.01665586764,0.7060926132,-0.580940062,0.953708764,1.525389973,0.0590468659,0.3837018219,0.2786492981
19.5,0.3535965047,-0.4883658747,1.015803772,-0.2757382443,0.5472178644,-0.03407919265,0.5152551673,-0.5015981998,0.953708764,1.525389973,0.0590468659,0.4427830833,0.1861861168
20.2,0.2566643615,-0.4883658747,1.015803772,-0.2757382443,0.5472178644,0.02380168366,0.7591030149,-0.4697286652,0.953708764,1.525389973,0.0590468659,0.4095161208,-0.3321680817
21.4,0.4912920688,-0.4883658747,1.015803772,-0.2757382443,0.3320703617,-0.06597273673,-0.1067335452,-0.3929951726,0.953708764,1.525389973,0.0590468659,0.4427830833,0.07831240521
19.9,-0.05229616391,-0.4883658747,1.015803772,-0.2757382443,0.3320703617,-0.1988625038,-0.7145861507,-0.344100098,0.953708764,1.525389973,0.0590468659,-0.2322770328,0.2057995189
19,0.0187814399,-0.4883658747,1.015803772,-0.2757382443,0.3320703617,-0.1418675592,0.5753336225,-0.4365786582,0.953708764,1.525389973,0.0590468659,-3.606389507,0.6288886214
19.1,0.09403501861,-0.4883658747,1.015803772,-0.2757382443,0.06870014285,-0.126806719,0.9216682465,-0.593649936,0.953708764,1.525389973,0.0590468659,-0.2658680242,1.213087813
19.1,1.390705449,-0.4883658747,1.015803772,-0.2757382443,0.05386238404,-0.1495456347,0.09117195421,-0.4190788691,0.953708764,1.525389973,0.0590468659,0.1386279974,0.7661824361
20.1,1.099991562,-0.4883658747,1.015803772,-0.2757382443,0.05386238404,-0.2124467911,-0.4141938747,-0.4592477617,0.953708764,1.525389973,0.0590468659,0.4427830833,0.2940598284
19.9,0.0854912437,-0.4883658747,1.015803772,-0.2757382443,0.05386238404,-0.07837578165,0.5505954351,-0.3597977408,0.953708764,1.525389973,0.0590468659,0.4427830833,0.5084062942
19.6,0.0494071934,-0.4883658747,1.015803772,-0.2757382443,-0.1241907217,-0.06006652486,0.7873752291,-0.3285447299,0.953708764,1.525389973,0.0590468659,0.4258255732,0.02927889995
23.2,-0.005202513883,-0.4883658747,1.015803772,-0.2757382443,0.05386238404,0.001358078559,0.2325330252,-0.4247224325,0.953708764,1.525389973,0.0590468659,0.404655688,0.2380215366
29.8,0.12014765,-0.4883658747,1.015803772,-0.2757382443,0.1799833339,0.1617117308,-0.02898495617,-0.5971593788,0.953708764,1.525389973,0.0590468659,0.2027857108,-0.1402369325
13.8,0.5164583629,-0.4883658747,1.015803772,-0.2757382443,0.06870014285,-0.2969056208,0.9534744875,-0.6460544534,0.953708764,1.525389973,0.0590468659,-0.03591554621,0.7675833934
13.3,0.3231602512,-0.4883658747,1.015803772,-0.2757382443,0.06870014285,-0.07985233462,1.024155023,-0.7521913857,0.953708764,1.525389973,0.0590468659,-0.5740194659,1.60255394
16.7,0.1462498182,-0.4883658747,1.015803772,-0.2757382443,0.1799833339,0.01523767645,0.8898620056,-0.7050984573,0.953708764,1.525389973,0.0590468659,0.4353304196,0.8432350873
12,1.326496348,-0.4883658747,1.015803772,-0.2757382443,0.1799833339,-0.3332288237,1.020620996,-0.8021298082,0.953708764,1.525389973,0.0590468659,-0.06939852797,1.716031481
14.6,0.7695756873,-0.4883658747,1.015803772,-0.2757382443,0.1799833339,-0.07306019097,0.9994168356,-0.7690272261,0.953708764,1.525389973,0.0590468659,0.2570065394,0.7521728632
21.4,1.246313444,-0.4883658747,1.015803772,-0.2757382443,0.1799833339,-0.06006652486,0.6919565061,-0.8730300377,0.953708764,1.525389973,0.0590468659,0.2961060213,0.06290187499
23,0.2569968584,-0.4883658747,1.015803772,-0.2757382443,-0.1241907217,-0.05622748715,-0.1314717327,-0.174461221,0.953708764,1.525389973,0.0590468659,0.4427830833,-0.2691250035
23.7,0.2435307344,-0.4883658747,1.015803772,-0.2757382443,-0.1241907217,0.09379029429,0.2289989985,-0.218329256,0.953708764,1.525389973,0.0590468659,0.4014153994,-0.6894121914
25,0.2462023353,-0.4883658747,1.015803772,-0.2757382443,-0.1241907217,0.1856318888,0.3032135608,-0.1809110078,0.953708764,1.525389973,0.0590468659,0.4252855251,-0.7916820738
21.8,-0.09243063083,-0.4883658747,1.015803772,-0.2757382443,-0.1241907217,-0.197976572,-0.993774266,0.1452300481,0.953708764,1.525389973,0.0590468659,0.3997952551,-0.3139556369
20.6,-0.1435619091,-0.4883658747,1.015803772,-0.2757382443,0.06499070315,-0.1657877173,-0.9372298376,-0.03228136272,0.953708764,1.525389973,0.0590468659,0.1601219115,0.09512389273
21.2,0.007003377092,-0.4883658747,1.015803772,-0.2757382443,0.06499070315,-0.03555574561,-0.58382716,0.0946751018,0.953708764,1.525389973,0.0590468659,0.3533511191,-0.2915403202
19.1,0.2416206212,-0.4883658747,1.015803772,-0.2757382443,0.06499070315,-0.0940272431,0.4021663105,-0.1167451144,0.953708764,1.525389973,0.0590468659,0.3972030243,0.3248808888
20.6,0.1420947697,-0.4883658747,1.015803772,-0.2757382443,0.06499070315,-0.1557471571,-0.5378848119,-0.3034095314,0.953708764,1.525389973,0.0590468659,0.3490307344,-0.1696570357
15.2,-0.402550245,-0.4883658747,2.41735392,-0.2757382443,0.1614361354,-0.2889322347,0.8580557646,-0.934824686,-0.4172475842,1.79117762,0.05315150005,0.4232333423,0.7563757351
7,-0.3987707087,-0.4883658747,2.41735392,-0.2757382443,0.1614361354,-0.3007446585,1.055961264,-0.9658879972,-0.4172475842,1.79117762,0.05315150005,-0.1280477509,1.584341495
8.1,-0.3959700619,-0.4883658747,2.41735392,-0.2757382443,0.1614361354,-0.3955393589,1.045359184,-0.9340184626,-0.4172475842,1.79117762,0.05315150005,-0.4047683936,2.38428811
13.6,-0.4077957903,-0.4883658747,2.41735392,-0.2757382443,0.1614361354,-0.1327129308,1.073631398,-0.9124401319,-0.4172475842,1.79117762,0.05315150005,0.3694445523,0.7577766924
20.1,-0.4071470726,-0.4883658747,2.41735392,-0.2757382443,0.1614361354,-0.1327129308,0.5329253012,-0.7977667172,-0.4172475842,1.79117762,0.05315150005,0.4427830833,0.09652485002
21.8,-0.3999402607,-0.4883658747,-0.2069178825,-0.2757382443,0.07240958255,-0.2142186546,-0.5096125977,-0.6688658316,-0.2801519494,-0.09886786864,0.00009320736528,0.4427830833,-0.09120342726
24.5,-0.3875867225,-0.4883658747,-0.2069178825,-0.2757382443,0.07240958255,-0.1495456347,-0.9124916501,-0.6688658316,-0.2801519494,-0.09886786864,0.00009320736528,0.4427830833,0.1301478251
23.1,-0.3992799172,-0.4883658747,-0.2069178825,-0.2757382443,0.07240958255,-0.2251451466,-1.400187345,-0.4711514123,-0.2801519494,-0.09886786864,0.00009320736528,0.403791611,0.6919316996
19.7,-0.3864206583,-0.4883658747,-0.2069178825,-0.2757382443,0.07240958255,-0.3078321127,0.158318463,-0.4711514123,-0.2801519494,-0.09886786864,0.00009320736528,0.4427830833,1.187870581
18.3,-0.3888876456,-0.4883658747,-0.2069178825,-0.2757382443,0.07240958255,-0.188526633,0.07703584711,-0.4265245788,-0.2801519494,-0.09886786864,0.00009320736528,0.4427830833,0.201596647
21.2,-0.3922893446,-0.4883658747,-0.2069178825,-0.2757382443,0.07240958255,-0.1220817495,-0.110267572,-0.6558714083,-0.2801519494,-0.09886786864,0.00009320736528,0.4427830833,0.03628368642
17.5,-0.3994147761,-0.4883658747,-0.2069178825,-0.2757382443,0.07240958255,-0.2549715165,0.1795226236,-0.6602344993,-0.2801519494,-0.09886786864,0.00009320736528,0.4305779964,0.3416923763
16.8,-0.3940029824,-0.4883658747,-0.2069178825,-0.2757382443,0.07240958255,-0.1197192647,0.3986322837,-0.61361582,-0.2801519494,-0.09886786864,0.00009320736528,0.4427830833,0.2338186647
22.4,-0.4128076577,-0.4883658747,0.1187535213,-0.2757382443,0.02789630612,0.04742653113,0.02402544547,-0.6229111009,-0.6228910365,-0.7958221426,0.1062097927,0.3897503606,-0.4190274339
20.6,-0.4148258906,-0.4883658747,0.1187535213,-0.2757382443,0.02789630612,-0.09225537954,0.2926114804,-0.71354009,-0.6228910365,-0.7958221426,0.1062097927,0.4427830833,-0.5016839141
23.9,-0.4130250595,-0.4883658747,0.1187535213,-0.2757382443,0.02789630612,0.1605304884,0.7979773094,-0.7704499732,-0.6228910365,-0.7958221426,0.1062097927,0.4427830833,-0.983613223
22,-0.4073481983,-0.4883658747,0.1187535213,-0.2757382443,0.02789630612,0.1067839604,0.7378988542,-0.6654512386,-0.6228910365,-0.7958221426,0.1062097927,0.4055197649,-0.8659328104
0.04741,-0.4200888745,0.02327860413,-1.615737482,1.971668359,20.27030876,21.96153973,-2.329459686,-1.324135712,18.0221153,-2.284232965,22.26689004,-3.759007098,-0.1066139575